logka_pop,0.0050223,0.00054733,-0.00045002,-0.0001684,0.00013293,0.00013663,2.9966e-5
logV_pop,0.00054733,0.0011059,-0.00012107,-0.0001989,4.182e-5,8.9641e-5,2.3668e-5
logCl_pop,-0.00045002,-0.00012107,0.00092473,0.00015142,-0.00010227,-9.8346e-5,1.1055e-5
omega_logka,-0.0001684,-0.0001989,0.00015142,0.0038509,-0.00016016,-6.0955e-5,-6.496e-5
omega_logV,0.00013293,4.182e-5,-0.00010227,-0.00016016,0.00065138,5.9485e-6,-2.3105e-5
omega_logCl,0.00013663,8.9641e-5,-9.8346e-5,-6.0955e-5,5.9485e-6,0.00059828,-2.1046e-5
b,2.9966e-5,2.3668e-5,1.1055e-5,-6.496e-5,-2.3105e-5,-2.1046e-5,7.0671e-5
