logka_pop,0.0051478,0.00064001,-0.00060077,0.00035002,0.00017385,0.00018825,-3.2405e-6
logV_pop,0.00064001,0.0013258,-0.00024261,-1.0232e-5,2.6906e-5,0.00013497,1.4522e-5
logCl_pop,-0.00060077,-0.00024261,0.0011121,1.0371e-5,-0.00010952,-0.00017687,1.2144e-5
omega_logka,0.00035002,-1.0232e-5,1.0371e-5,0.0041345,0.00015134,-0.0001002,-6.2786e-5
omega_logV,0.00017385,2.6906e-5,-0.00010952,0.00015134,0.00087258,-3.5001e-5,-2.4954e-5
omega_logCl,0.00018825,0.00013497,-0.00017687,-0.0001002,-3.5001e-5,0.00073853,-1.889e-5
b,-3.2405e-6,1.4522e-5,1.2144e-5,-6.2786e-5,-2.4954e-5,-1.889e-5,7.8382e-5
