logka_pop,1,0.22914,-0.17676,-0.26198,-0.034392,0.11116,0.10508
logV_pop,0.22914,1,-0.12257,-0.17008,0.047334,0.15646,0.052592
logCl_pop,-0.17676,-0.12257,1,0.09844,-0.1224,-0.19546,0.058889
omega_logka,-0.26198,-0.17008,0.09844,1,0.0019472,-0.073764,-0.20198
omega_logV,-0.034392,0.047334,-0.1224,0.0019472,1,0.029949,-0.16233
omega_logCl,0.11116,0.15646,-0.19546,-0.073764,0.029949,1,-0.11668
b,0.10508,0.052592,0.058889,-0.20198,-0.16233,-0.11668,1
