logka_pop,0.0062611,0.00067233,-0.00046329,-0.0014557,-8.3592e-5,0.00024223,7.6595e-5
logV_pop,0.00067233,0.001375,-0.00015055,-0.00044287,5.3914e-5,0.00015978,1.7965e-5
logCl_pop,-0.00046329,-0.00015055,0.0010973,0.00022898,-0.00012454,-0.0001783,1.7969e-5
omega_logka,-0.0014557,-0.00044287,0.00022898,0.004931,4.2001e-6,-0.00014265,-0.00013065
omega_logV,-8.3592e-5,5.3914e-5,-0.00012454,4.2001e-6,0.00094353,2.5334e-5,-4.5933e-5
omega_logCl,0.00024223,0.00015978,-0.0001783,-0.00014265,2.5334e-5,0.00075838,-2.9599e-5
b,7.6595e-5,1.7965e-5,1.7969e-5,-0.00013065,-4.5933e-5,-2.9599e-5,8.4858e-5
