logka_pop,1,0.17342,-0.14379,0.10925,0.017699,0.043302,0.052399
logV_pop,0.17342,1,-0.11519,-0.086778,0.028274,0.11198,0.070345
logCl_pop,-0.14379,-0.11519,1,0.066006,-0.10424,-0.10958,0.023156
omega_logka,0.10925,-0.086778,0.066006,1,-0.10707,-0.041816,-0.11988
omega_logV,0.017699,0.028274,-0.10424,-0.10707,1,-0.022911,-0.097092
omega_logCl,0.043302,0.11198,-0.10958,-0.041816,-0.022911,1,-0.053883
b,0.052399,0.070345,0.023156,-0.11988,-0.097092,-0.053883,1
