logka_pop,1,0.1923,-0.16072,0.19763,-0.0020399,0.0044353,0.080664
logV_pop,0.1923,1,-0.1058,-0.11442,-0.0063518,0.1359,0.10958
logCl_pop,-0.16072,-0.1058,1,0.059796,-0.15674,-0.13536,0.059381
omega_logka,0.19763,-0.11442,0.059796,1,0.026493,-0.078389,-0.13399
omega_logV,-0.0020399,-0.0063518,-0.15674,0.026493,1,-0.010797,-0.19686
omega_logCl,0.0044353,0.1359,-0.13536,-0.078389,-0.010797,1,-0.086032
b,0.080664,0.10958,0.059381,-0.13399,-0.19686,-0.086032,1
