logka_pop,0.0078239,0.00067341,-0.00048444,0.0015628,-6.1561e-6,1.0945e-5,6.9562e-5
logV_pop,0.00067341,0.0015674,-0.00014273,-0.00040496,-8.5795e-6,0.00015011,4.2297e-5
logCl_pop,-0.00048444,-0.00014273,0.0011612,0.00018216,-0.00018223,-0.00012868,1.9728e-5
omega_logka,0.0015628,-0.00040496,0.00018216,0.0079923,8.0806e-5,-0.00019551,-0.00011678
omega_logV,-6.1561e-6,-8.5795e-6,-0.00018223,8.0806e-5,0.001164,-1.0276e-5,-6.548e-5
omega_logCl,1.0945e-5,0.00015011,-0.00012868,-0.00019551,-1.0276e-5,0.00077832,-2.34e-5
b,6.9562e-5,4.2297e-5,1.9728e-5,-0.00011678,-6.548e-5,-2.34e-5,9.5053e-5
