logka_pop,1,0.19671,-0.19958,0.27092,-0.010045,0.090313,0.082609
logV_pop,0.19671,1,-0.13894,-0.071988,-0.083035,0.19467,0.09164
logCl_pop,-0.19958,-0.13894,1,-0.0097844,-0.1296,-0.098335,0.032801
omega_logka,0.27092,-0.071988,-0.0097844,1,0.071448,-0.1027,-0.071441
omega_logV,-0.010045,-0.083035,-0.1296,0.071448,1,-0.17137,-0.13684
omega_logCl,0.090313,0.19467,-0.098335,-0.1027,-0.17137,1,-0.011763
b,0.082609,0.09164,0.032801,-0.071441,-0.13684,-0.011763,1
