logka_pop,0.010415,0.00071435,-0.00065911,0.0026372,-3.1079e-5,0.00025056,7.1045e-5
logV_pop,0.00071435,0.0012662,-0.00015999,-0.00024434,-8.9574e-5,0.00018831,2.748e-5
logCl_pop,-0.00065911,-0.00015999,0.0010472,-3.0201e-5,-0.00012714,-8.6506e-5,8.9448e-6
omega_logka,0.0026372,-0.00024434,-3.0201e-5,0.0090982,0.0002066,-0.00026632,-5.7425e-5
omega_logV,-3.1079e-5,-8.9574e-5,-0.00012714,0.0002066,0.00091904,-0.00014123,-3.496e-5
omega_logCl,0.00025056,0.00018831,-8.6506e-5,-0.00026632,-0.00014123,0.00073904,-2.6947e-6
b,7.1045e-5,2.748e-5,8.9448e-6,-5.7425e-5,-3.496e-5,-2.6947e-6,7.1015e-5
