logka_pop,1,0.22671,-0.20975,-0.008332,0.051725,0.066666,0.05886
logV_pop,0.22671,1,-0.15569,-0.21556,0.0089417,0.1334,0.097869
logCl_pop,-0.20975,-0.15569,1,0.076621,-0.1571,-0.12079,0.03517
omega_logka,-0.008332,-0.21556,0.076621,1,0.034586,-0.15387,-0.14951
omega_logV,0.051725,0.0089417,-0.1571,0.034586,1,-0.034991,-0.12226
omega_logCl,0.066666,0.1334,-0.12079,-0.15387,-0.034991,1,-0.0060123
b,0.05886,0.097869,0.03517,-0.14951,-0.12226,-0.0060123,1
