logka_pop,0.0061573,0.00063922,-0.00056457,-5.7517e-5,0.00011918,0.00013794,3.6881e-5
logV_pop,0.00063922,0.0012912,-0.0001919,-0.00068143,9.4347e-6,0.00012639,2.8081e-5
logCl_pop,-0.00056457,-0.0001919,0.0011767,0.00023122,-0.00015824,-0.00010925,9.6333e-6
omega_logka,-5.7517e-5,-0.00068143,0.00023122,0.0077395,8.9346e-5,-0.00035693,-0.00010503
omega_logV,0.00011918,9.4347e-6,-0.00015824,8.9346e-5,0.00086225,-2.7093e-5,-2.8668e-5
omega_logCl,0.00013794,0.00012639,-0.00010925,-0.00035693,-2.7093e-5,0.0006953,-1.2659e-6
b,3.6881e-5,2.8081e-5,9.6333e-6,-0.00010503,-2.8668e-5,-1.2659e-6,6.3762e-5
