logka_pop,0.0059655,0.00065941,-0.00042967,-0.0012842,-0.00021986,0.0001488,0.00010164
logV_pop,0.00065941,0.0013296,-0.00018352,-0.00051544,4.9125e-7,0.00012838,3.4929e-5
logCl_pop,-0.00042967,-0.00018352,0.0011228,0.0003827,-8.2159e-5,-0.00019298,9.5712e-6
omega_logka,-0.0012842,-0.00051544,0.0003827,0.0090271,-0.00017909,-0.00035865,-8.4297e-5
omega_logV,-0.00021986,4.9125e-7,-8.2159e-5,-0.00017909,0.00073189,-8.9567e-6,-1.6742e-5
omega_logCl,0.0001488,0.00012838,-0.00019298,-0.00035865,-8.9567e-6,0.0007128,-6.5068e-6
b,0.00010164,3.4929e-5,9.5712e-6,-8.4297e-5,-1.6742e-5,-6.5068e-6,7.6324e-5
