logka_pop,1,0.17587,-0.25867,0.24135,0.08815,0.11389,-0.029615
logV_pop,0.17587,1,-0.12301,-0.15275,0.030617,0.11999,0.07583
logCl_pop,-0.25867,-0.12301,1,0.0038251,-0.16405,-0.14291,0.089868
omega_logka,0.24135,-0.15275,0.0038251,1,0.013549,0.0051782,-0.12435
omega_logV,0.08815,0.030617,-0.16405,0.013549,1,-0.021056,-0.1227
omega_logCl,0.11389,0.11999,-0.14291,0.0051782,-0.021056,1,-0.11716
b,-0.029615,0.07583,0.089868,-0.12435,-0.1227,-0.11716,1
