logka_pop,0.012129,0.00065906,-0.00074067,0.0025845,0.00026171,0.00025293,-2.8312e-5
logV_pop,0.00065906,0.0011579,-0.00010883,-0.0005054,2.8087e-5,8.2342e-5,2.2399e-5
logCl_pop,-0.00074067,-0.00010883,0.00067599,9.67e-6,-0.00011499,-7.493e-5,2.0283e-5
omega_logka,0.0025845,-0.0005054,9.67e-6,0.0094544,3.5517e-5,1.0153e-5,-0.00010496
omega_logV,0.00026171,2.8087e-5,-0.00011499,3.5517e-5,0.00072678,-1.1447e-5,-2.8715e-5
omega_logCl,0.00025293,8.2342e-5,-7.493e-5,1.0153e-5,-1.1447e-5,0.00040667,-2.051e-5
b,-2.8312e-5,2.2399e-5,2.0283e-5,-0.00010496,-2.8715e-5,-2.051e-5,7.5355e-5
