logka_pop,1,0.28668,-0.26498,-0.14405,0.017004,0.13818,0.040897
logV_pop,0.28668,1,-0.17023,-0.17116,-0.031368,0.16305,0.076125
logCl_pop,-0.26498,-0.17023,1,0.15667,-0.1135,-0.20589,0.049646
omega_logka,-0.14405,-0.17116,0.15667,1,-0.14309,-0.079046,-0.07984
omega_logV,0.017004,-0.031368,-0.1135,-0.14309,1,-0.029129,-0.14312
omega_logCl,0.13818,0.16305,-0.20589,-0.079046,-0.029129,1,-0.062312
b,0.040897,0.076125,0.049646,-0.07984,-0.14312,-0.062312,1
