logka_pop,0.0057122,0.00078885,-0.00070407,-0.00081865,3.9824e-5,0.00027881,2.5878e-5
logV_pop,0.00078885,0.0013256,-0.0002179,-0.00046862,-3.539e-5,0.00015848,2.3204e-5
logCl_pop,-0.00070407,-0.0002179,0.0012359,0.00041418,-0.00012365,-0.00019323,1.4612e-5
omega_logka,-0.00081865,-0.00046862,0.00041418,0.0056546,-0.00033344,-0.00015869,-5.0265e-5
omega_logV,3.9824e-5,-3.539e-5,-0.00012365,-0.00033344,0.00096028,-2.4098e-5,-3.7131e-5
omega_logCl,0.00027881,0.00015848,-0.00019323,-0.00015869,-2.4098e-5,0.00071271,-1.3927e-5
b,2.5878e-5,2.3204e-5,1.4612e-5,-5.0265e-5,-3.7131e-5,-1.3927e-5,7.0093e-5
