logka_pop,1,0.23762,-0.32916,-0.73064,-0.18255,0.2028,0.47258
logV_pop,0.23762,1,-0.17804,-0.13104,-0.0048315,0.17648,0.12114
logCl_pop,-0.32916,-0.17804,1,0.32389,-0.076459,-0.24107,-0.11136
omega_logka,-0.73064,-0.13104,0.32389,1,0.17377,-0.22163,-0.51542
omega_logV,-0.18255,-0.0048315,-0.076459,0.17377,1,-0.05562,-0.24072
omega_logCl,0.2028,0.17648,-0.24107,-0.22163,-0.05562,1,0.056403
b,0.47258,0.12114,-0.11136,-0.51542,-0.24072,0.056403,1
