logka_pop,0.011515,0.00090435,-0.0012332,-0.019632,-0.00061256,0.00055717,0.00052296
logV_pop,0.00090435,0.001258,-0.00022047,-0.0011638,-5.3587e-6,0.00016026,4.4308e-5
logCl_pop,-0.0012332,-0.00022047,0.001219,0.0028316,-8.3478e-5,-0.0002155,-4.0094e-5
omega_logka,-0.019632,-0.0011638,0.0028316,0.0627,0.0013607,-0.0014209,-0.0013309
omega_logV,-0.00061256,-5.3587e-6,-8.3478e-5,0.0013607,0.00097787,-4.4532e-5,-7.7628e-5
omega_logCl,0.00055717,0.00016026,-0.0002155,-0.0014209,-4.4532e-5,0.00065554,1.4893e-5
b,0.00052296,4.4308e-5,-4.0094e-5,-0.0013309,-7.7628e-5,1.4893e-5,0.00010635
