logka_pop,1,0.22069,-0.16128,0.28755,0.022431,0.089257,0.044191
logV_pop,0.22069,1,-0.17366,-0.053434,0.0062305,0.14369,0.073514
logCl_pop,-0.16128,-0.17366,1,0.0055689,-0.067362,-0.22354,0.037253
omega_logka,0.28755,-0.053434,0.0055689,1,-0.040268,0.011917,-0.05828
omega_logV,0.022431,0.0062305,-0.067362,-0.040268,1,-0.063848,-0.11653
omega_logCl,0.089257,0.14369,-0.22354,0.011917,-0.063848,1,-0.083945
b,0.044191,0.073514,0.037253,-0.05828,-0.11653,-0.083945,1
