logka_pop,0.0079199,0.00064601,-0.00053899,0.0023862,5.3806e-5,0.00024485,3.5166e-5
logV_pop,0.00064601,0.0010819,-0.00021451,-0.00016389,5.5239e-6,0.00014569,2.1622e-5
logCl_pop,-0.00053899,-0.00021451,0.0014103,1.9501e-5,-6.8187e-5,-0.00025877,1.251e-5
omega_logka,0.0023862,-0.00016389,1.9501e-5,0.0086951,-0.00010121,3.4253e-5,-4.8594e-5
omega_logV,5.3806e-5,5.5239e-6,-6.8187e-5,-0.00010121,0.00072654,-5.305e-5,-2.8086e-5
omega_logCl,0.00024485,0.00014569,-0.00025877,3.4253e-5,-5.305e-5,0.00095019,-2.3138e-5
b,3.5166e-5,2.1622e-5,1.251e-5,-4.8594e-5,-2.8086e-5,-2.3138e-5,7.9958e-5
