logka_pop,1,0.23837,-0.29796,-0.023623,-0.13221,0.044747,0.17883
logV_pop,0.23837,1,-0.27507,-0.24014,-0.020346,0.16936,0.12926
logCl_pop,-0.29796,-0.27507,1,0.17138,-0.096846,-0.26677,-0.0028554
omega_logka,-0.023623,-0.24014,0.17138,1,0.042481,-0.058204,-0.25593
omega_logV,-0.13221,-0.020346,-0.096846,0.042481,1,0.031348,-0.23691
omega_logCl,0.044747,0.16936,-0.26677,-0.058204,0.031348,1,-0.13069
b,0.17883,0.12926,-0.0028554,-0.25593,-0.23691,-0.13069,1
