logka_pop,0.01747,0.0011315,-0.001233,-0.00042204,-0.000533,0.00013472,0.00021747
logV_pop,0.0011315,0.0012898,-0.00030927,-0.0011657,-2.2288e-5,0.00013854,4.2711e-5
logCl_pop,-0.001233,-0.00030927,0.00098014,0.00072523,-9.2482e-5,-0.00019024,-8.2251e-7
omega_logka,-0.00042204,-0.0011657,0.00072523,0.01827,0.00017514,-0.00017919,-0.00031828
omega_logV,-0.000533,-2.2288e-5,-9.2482e-5,0.00017514,0.00093038,2.1779e-5,-6.6488e-5
omega_logCl,0.00013472,0.00013854,-0.00019024,-0.00017919,2.1779e-5,0.00051882,-2.739e-5
b,0.00021747,4.2711e-5,-8.2251e-7,-0.00031828,-6.6488e-5,-2.739e-5,8.4655e-5
