logka_pop,0.011434,0.0014556,-0.0012361,-0.012576,7.8887e-5,0.00053746,0.00026559
logV_pop,0.0014556,0.0016954,-0.00035898,-0.0028426,4.9026e-5,0.00023404,5.8249e-5
logCl_pop,-0.0012361,-0.00035898,0.0012346,0.0021275,-0.00013648,-0.00022354,-1.1041e-5
omega_logka,-0.012576,-0.0028426,0.0021275,0.033128,-5.7004e-5,-0.0017704,-0.00043234
omega_logV,7.8887e-5,4.9026e-5,-0.00013648,-5.7004e-5,0.00087859,-1.5477e-5,-3.7005e-5
omega_logCl,0.00053746,0.00023404,-0.00022354,-0.0017704,-1.5477e-5,0.00088406,-1.9478e-5
b,0.00026559,5.8249e-5,-1.1041e-5,-0.00043234,-3.7005e-5,-1.9478e-5,9.4464e-5
