logka_pop,0.0090219,0.00060206,-0.00068941,0.0011354,1.8217e-6,0.00026267,5.9287e-5
logV_pop,0.00060206,0.0010563,-0.00023503,-0.00048561,1.1465e-5,0.00018647,3.0271e-5
logCl_pop,-0.00068941,-0.00023503,0.0013375,0.00021155,-0.00012521,-0.00021368,1.6773e-5
omega_logka,0.0011354,-0.00048561,0.00021155,0.006901,2.5832e-5,-0.00019489,-0.00011419
omega_logV,1.8217e-6,1.1465e-5,-0.00012521,2.5832e-5,0.00074474,-2.1772e-6,-4.8629e-5
omega_logCl,0.00026267,0.00018647,-0.00021368,-0.00019489,-2.1772e-6,0.00079743,-2.871e-6
b,5.9287e-5,3.0271e-5,1.6773e-5,-0.00011419,-4.8629e-5,-2.871e-6,8.1488e-5
