logka_pop,1,0.21907,-0.18667,0.24459,0.0085797,0.040201,0.012539
logV_pop,0.21907,1,-0.15434,-0.036855,0.091749,0.14352,0.036888
logCl_pop,-0.18667,-0.15434,1,-0.019826,-0.11236,-0.16972,0.079521
omega_logka,0.24459,-0.036855,-0.019826,1,-0.20809,-0.041942,0.019124
omega_logV,0.0085797,0.091749,-0.11236,-0.20809,1,0.008658,-0.19238
omega_logCl,0.040201,0.14352,-0.16972,-0.041942,0.008658,1,-0.13746
b,0.012539,0.036888,0.079521,0.019124,-0.19238,-0.13746,1
