logV1_pop,0.00074931,-0.00021228,-1.6947e-5,-3.6187e-5,-2.1449e-5,4.7366e-6,-4.0542e-5,7.4479e-5,1.1797e-5,-2.2172e-5,3.7398e-6
logQ_pop,-0.00021228,0.0028204,-0.00013926,0.00016497,-7.1644e-5,-6.4782e-6,2.4767e-5,-0.00032739,-9.3186e-5,0.00024155,-1.8798e-7
logV2_pop,-1.6947e-5,-0.00013926,0.0020681,-0.00059911,-0.00054288,1.0471e-6,0.00044143,0.00014253,0.00012242,0.00027031,-3.1521e-6
logVm_pop,-3.6187e-5,0.00016497,-0.00059911,0.001775,0.0014501,-1.5491e-5,-0.00024653,-0.00022653,-0.00023666,-1.1817e-6,5.1804e-6
logKm_pop,-2.1449e-5,-7.1644e-5,-0.00054288,0.0014501,0.0029009,-1.9653e-5,-0.00023551,-0.00021255,-0.00020245,-6.2873e-5,4.7451e-6
omega_logV1,4.7366e-6,-6.4782e-6,1.0471e-6,-1.5491e-5,-1.9653e-5,0.00037044,-5.7677e-6,9.3219e-6,4.4359e-6,5.7602e-6,-4.7231e-7
omega_logQ,-4.0542e-5,2.4767e-5,0.00044143,-0.00024653,-0.00023551,-5.7677e-6,0.0029708,9.3998e-5,3.893e-5,0.00021642,-1.7445e-5
omega_logV2,7.4479e-5,-0.00032739,0.00014253,-0.00022653,-0.00021255,9.3219e-6,9.3998e-5,0.0019036,-5.3889e-5,0.0001154,-8.27e-6
omega_logVm,1.1797e-5,-9.3186e-5,0.00012242,-0.00023666,-0.00020245,4.4359e-6,3.893e-5,-5.3889e-5,0.00057856,-0.0002494,-5.3737e-7
omega_logKm,-2.2172e-5,0.00024155,0.00027031,-1.1817e-6,-6.2873e-5,5.7602e-6,0.00021642,0.0001154,-0.0002494,0.0024778,-4.8658e-6
b,3.7398e-6,-1.8798e-7,-3.1521e-6,5.1804e-6,4.7451e-6,-4.7231e-7,-1.7445e-5,-8.27e-6,-5.3737e-7,-4.8658e-6,1.0267e-5
