logka_pop,1,0.16772,-0.19949,0.31273,-0.0068982,0.033013,0.039329
logV_pop,0.16772,1,-0.15738,-0.15524,-0.00030525,0.16748,0.090644
logCl_pop,-0.19949,-0.15738,1,0.0038666,-0.095657,-0.19582,0.06294
omega_logka,0.31273,-0.15524,0.0038666,1,0.054078,-0.088813,-0.0846
omega_logV,-0.0068982,-0.00030525,-0.095657,0.054078,1,-0.013647,-0.1405
omega_logCl,0.033013,0.16748,-0.19582,-0.088813,-0.013647,1,-0.077214
b,0.039329,0.090644,0.06294,-0.0846,-0.1405,-0.077214,1
