logka_pop,0.0051034,0.00042524,-0.00044946,0.00044268,4.1938e-5,0.00011896,1.2159e-5
logV_pop,0.00042524,0.0012518,-0.00016633,-0.00016593,4.0642e-5,0.00013526,1.1975e-5
logCl_pop,-0.00044946,-0.00016633,0.00134,0.00013248,-0.00010493,-0.00018467,1.1058e-5
omega_logka,0.00044268,-0.00016593,0.00013248,0.0049049,1.8256e-5,-0.00014894,-5.7718e-5
omega_logV,4.1938e-5,4.0642e-5,-0.00010493,1.8256e-5,0.00083273,1.4366e-5,-2.6112e-5
omega_logCl,0.00011896,0.00013526,-0.00018467,-0.00014894,1.4366e-5,0.00079831,-1.1788e-5
b,1.2159e-5,1.1975e-5,1.1058e-5,-5.7718e-5,-2.6112e-5,-1.1788e-5,6.2495e-5
