logka_pop,1,0.20746,-0.2233,0.076529,0.076925,0.015541,0.08283
logV_pop,0.20746,1,-0.17907,-0.045989,0.05337,0.11162,0.08714
logCl_pop,-0.2233,-0.17907,1,-0.015367,-0.18322,-0.18703,0.065364
omega_logka,0.076529,-0.045989,-0.015367,1,0.074806,0.025118,-0.19219
omega_logV,0.076925,0.05337,-0.18322,0.074806,1,-0.031814,-0.13341
omega_logCl,0.015541,0.11162,-0.18703,0.025118,-0.031814,1,-0.10755
b,0.08283,0.08714,0.065364,-0.19219,-0.13341,-0.10755,1
