logka_pop,0.007465,0.00064076,-0.00068612,0.00071354,0.00019991,3.6833e-5,6.0316e-5
logV_pop,0.00064076,0.0012779,-0.00022765,-0.00017741,5.7386e-5,0.00010945,2.6254e-5
logCl_pop,-0.00068612,-0.00022765,0.0012647,-5.8976e-5,-0.00019599,-0.00018246,1.9592e-5
omega_logka,0.00071354,-0.00017741,-5.8976e-5,0.011645,0.00024281,7.4354e-5,-0.0001748
omega_logV,0.00019991,5.7386e-5,-0.00019599,0.00024281,0.00090472,-2.625e-5,-3.3821e-5
omega_logCl,3.6833e-5,0.00010945,-0.00018246,7.4354e-5,-2.625e-5,0.00075248,-2.4865e-5
b,6.0316e-5,2.6254e-5,1.9592e-5,-0.0001748,-3.3821e-5,-2.4865e-5,7.1033e-5
