logka_pop,0.0063273,0.00074791,-0.00059733,-0.0019626,0.00012023,4.1076e-5,8.8567e-5
logV_pop,0.00074791,0.0013097,-0.00017011,-0.00041337,-1.1185e-5,0.00013919,2.9629e-5
logCl_pop,-0.00059733,-0.00017011,0.0010782,0.00033209,-0.00013356,-0.00011518,5.9941e-6
omega_logka,-0.0019626,-0.00041337,0.00033209,0.0055653,-2.9114e-5,-8.0352e-5,-0.00012874
omega_logV,0.00012023,-1.1185e-5,-0.00013356,-2.9114e-5,0.00083233,-2.9198e-5,-3.1004e-5
omega_logCl,4.1076e-5,0.00013919,-0.00011518,-8.0352e-5,-2.9198e-5,0.00068477,-9.1886e-6
b,8.8567e-5,2.9629e-5,5.9941e-6,-0.00012874,-3.1004e-5,-9.1886e-6,7.3898e-5
