logka_pop,0.010593,0.00016715,-0.00038759,0.0091746,0.00024306,-0.0003168,-0.0001325
logV_pop,0.00016715,0.0013052,-0.00017817,-0.0013764,-3.2358e-7,0.00019724,3.7822e-5
logCl_pop,-0.00038759,-0.00017817,0.0011635,0.00035394,-0.00010005,-0.00010205,8.4228e-6
omega_logka,0.0091746,-0.0013764,0.00035394,0.023948,0.0004782,-0.0012321,-0.00040452
omega_logV,0.00024306,-3.2358e-7,-0.00010005,0.0004782,0.00090469,-0.00011388,-4.0266e-5
omega_logCl,-0.0003168,0.00019724,-0.00010205,-0.0012321,-0.00011388,0.00079827,7.9476e-6
b,-0.0001325,3.7822e-5,8.4228e-6,-0.00040452,-4.0266e-5,7.9476e-6,7.9187e-5
