logka_pop,0.0065016,0.00065555,-0.00063645,-0.0005955,0.00012028,4.5493e-5,9.1088e-5
logV_pop,0.00065555,0.0011081,-0.00017896,-0.0002302,-2.7032e-5,0.00010333,3.3667e-5
logCl_pop,-0.00063645,-0.00017896,0.0010066,0.00033535,-0.00014401,-0.00012003,8.6103e-6
omega_logka,-0.0005955,-0.0002302,0.00033535,0.0053698,-0.00028885,-0.00016682,-4.0179e-5
omega_logV,0.00012028,-2.7032e-5,-0.00014401,-0.00028885,0.00078832,-2.9596e-5,-3.0577e-5
omega_logCl,4.5493e-5,0.00010333,-0.00012003,-0.00016682,-2.9596e-5,0.00059799,-1.8014e-5
b,9.1088e-5,3.3667e-5,8.6103e-6,-4.0179e-5,-3.0577e-5,-1.8014e-5,7.163e-5
