logka_pop,1,0.17293,-0.13804,0.10455,0.097767,0.01348,-0.034538
logV_pop,0.17293,1,-0.1175,0.023321,-0.0063048,0.074339,0.072679
logCl_pop,-0.13804,-0.1175,1,-0.007437,-0.11932,-0.15149,0.075331
omega_logka,0.10455,0.023321,-0.007437,1,0.040613,0.047787,-0.10366
omega_logV,0.097767,-0.0063048,-0.11932,0.040613,1,0.0028877,-0.18292
omega_logCl,0.01348,0.074339,-0.15149,0.047787,0.0028877,1,-0.16251
b,-0.034538,0.072679,0.075331,-0.10366,-0.18292,-0.16251,1
