logka_pop,0.004578,0.00039914,-0.00029389,0.00057599,0.00018415,2.3546e-5,-2.0978e-5
logV_pop,0.00039914,0.0011637,-0.00012612,6.4776e-5,-5.9876e-6,6.5469e-5,2.2257e-5
logCl_pop,-0.00029389,-0.00012612,0.00099009,-1.9053e-5,-0.00010452,-0.00012306,2.1279e-5
omega_logka,0.00057599,6.4776e-5,-1.9053e-5,0.0066294,9.2056e-5,0.00010045,-7.5765e-5
omega_logV,0.00018415,-5.9876e-6,-0.00010452,9.2056e-5,0.00077501,2.0754e-6,-4.5714e-5
omega_logCl,2.3546e-5,6.5469e-5,-0.00012306,0.00010045,2.0754e-6,0.00066648,-3.7663e-5
b,-2.0978e-5,2.2257e-5,2.1279e-5,-7.5765e-5,-4.5714e-5,-3.7663e-5,8.0587e-5
