logka_pop,0.0091736,0.00082548,-0.00075308,0.0067432,0.00011,0.00036799,-4.5348e-5
logV_pop,0.00082548,0.0011133,-0.00019381,0.0002855,3.6175e-5,0.00011588,1.4978e-5
logCl_pop,-0.00075308,-0.00019381,0.0009623,-0.00034223,-0.00010658,-0.00015686,2.5906e-5
omega_logka,0.0067432,0.0002855,-0.00034223,0.015309,6.7598e-5,0.00045651,-0.00017431
omega_logV,0.00011,3.6175e-5,-0.00010658,6.7598e-5,0.00067519,1.963e-6,-3.3881e-5
omega_logCl,0.00036799,0.00011588,-0.00015686,0.00045651,1.963e-6,0.00067793,-4.2191e-5
b,-4.5348e-5,1.4978e-5,2.5906e-5,-0.00017431,-3.3881e-5,-4.2191e-5,8.0229e-5
