logka_pop,1,0.19591,-0.10858,0.070594,0.041233,0.036163,0.049793
logV_pop,0.19591,1,-0.12284,-0.026214,0.031765,0.13269,0.0606
logCl_pop,-0.10858,-0.12284,1,-0.0023133,-0.13818,-0.152,0.053464
omega_logka,0.070594,-0.026214,-0.0023133,1,-0.015815,0.035711,-0.099403
omega_logV,0.041233,0.031765,-0.13818,-0.015815,1,-0.0051519,-0.14775
omega_logCl,0.036163,0.13269,-0.152,0.035711,-0.0051519,1,-0.048268
b,0.049793,0.0606,0.053464,-0.099403,-0.14775,-0.048268,1
