logka_pop,0.0038855,0.00040621,-0.00023297,0.00020741,7.1924e-5,6.0933e-5,2.6794e-5
logV_pop,0.00040621,0.0011065,-0.00014066,-4.11e-5,2.9569e-5,0.00011931,1.7402e-5
logCl_pop,-0.00023297,-0.00014066,0.0011849,-3.7534e-6,-0.0001331,-0.00014143,1.5887e-5
omega_logka,0.00020741,-4.11e-5,-3.7534e-6,0.0022217,-2.086e-5,4.5499e-5,-4.0446e-5
omega_logV,7.1924e-5,2.9569e-5,-0.0001331,-2.086e-5,0.00078308,-3.897e-6,-3.5693e-5
omega_logCl,6.0933e-5,0.00011931,-0.00014143,4.5499e-5,-3.897e-6,0.00073066,-1.1263e-5
b,2.6794e-5,1.7402e-5,1.5887e-5,-4.0446e-5,-3.5693e-5,-1.1263e-5,7.4521e-5
