logka_pop,1,0.23315,-0.24491,0.083168,-0.012076,0.027519,0.13725
logV_pop,0.23315,1,-0.16867,-0.080906,0.021035,0.14245,0.083142
logCl_pop,-0.24491,-0.16867,1,0.053998,-0.1189,-0.1441,-0.004628
omega_logka,0.083168,-0.080906,0.053998,1,-0.015459,-0.081661,-0.15827
omega_logV,-0.012076,0.021035,-0.1189,-0.015459,1,-0.069139,-0.12225
omega_logCl,0.027519,0.14245,-0.1441,-0.081661,-0.069139,1,-0.043041
b,0.13725,0.083142,-0.004628,-0.15827,-0.12225,-0.043041,1
