logka_pop,1,0.23894,-0.27025,-0.37329,0.047324,0.11901,0.046002
logV_pop,0.23894,1,-0.18596,-0.16205,-0.011981,0.14488,0.056518
logCl_pop,-0.27025,-0.18596,1,0.19551,-0.11212,-0.19852,0.038677
omega_logka,-0.37329,-0.16205,0.19551,1,-0.10938,-0.10438,-0.095736
omega_logV,0.047324,-0.011981,-0.11212,-0.10938,1,-0.037016,-0.063462
omega_logCl,0.11901,0.14488,-0.19852,-0.10438,-0.037016,1,-0.066396
b,0.046002,0.056518,0.038677,-0.095736,-0.063462,-0.066396,1
