logka_pop,1,0.18144,-0.11633,0.21143,-0.025174,0.041884,-0.013402
logV_pop,0.18144,1,-0.13646,0.032215,0.039188,0.089103,0.0085359
logCl_pop,-0.11633,-0.13646,1,-0.051617,-0.096657,-0.15823,0.063457
omega_logka,0.21143,0.032215,-0.051617,1,-0.049539,-0.018436,-0.053329
omega_logV,-0.025174,0.039188,-0.096657,-0.049539,1,-0.031478,-0.11975
omega_logCl,0.041884,0.089103,-0.15823,-0.018436,-0.031478,1,-0.1235
b,-0.013402,0.0085359,0.063457,-0.053329,-0.11975,-0.1235,1
