logka_pop,0.0023588,0.00029831,-0.00019612,0.00051347,-3.4327e-5,5.6889e-5,-5.3767e-6
logV_pop,0.00029831,0.001146,-0.00016036,5.4532e-5,3.7246e-5,8.4355e-5,2.3869e-6
logCl_pop,-0.00019612,-0.00016036,0.001205,-8.9598e-5,-9.4207e-5,-0.00015361,1.8196e-5
omega_logka,0.00051347,5.4532e-5,-8.9598e-5,0.0025004,-6.955e-5,-2.5781e-5,-2.2028e-5
omega_logV,-3.4327e-5,3.7246e-5,-9.4207e-5,-6.955e-5,0.0007883,-2.4717e-5,-2.7774e-5
omega_logCl,5.6889e-5,8.4355e-5,-0.00015361,-2.5781e-5,-2.4717e-5,0.0007821,-2.853e-5
b,-5.3767e-6,2.3869e-6,1.8196e-5,-2.2028e-5,-2.7774e-5,-2.853e-5,6.8235e-5
