logka_pop,1,0.23916,-0.21381,0.19872,0.077716,0.0028169,0.065118
logV_pop,0.23916,1,-0.13176,-0.035625,0.101,0.10313,0.060657
logCl_pop,-0.21381,-0.13176,1,0.018127,-0.15243,-0.086998,0.045741
omega_logka,0.19872,-0.035625,0.018127,1,-0.03904,-0.03641,-0.072872
omega_logV,0.077716,0.101,-0.15243,-0.03904,1,-0.035345,-0.099775
omega_logCl,0.0028169,0.10313,-0.086998,-0.03641,-0.035345,1,-0.076988
b,0.065118,0.060657,0.045741,-0.072872,-0.099775,-0.076988,1
