logka_pop,0.0053963,0.00064895,-0.00049758,0.0011622,0.00017216,4.8965e-6,4.0277e-5
logV_pop,0.00064895,0.0013644,-0.00015418,-0.00010476,0.0001125,9.0143e-5,1.8865e-5
logCl_pop,-0.00049758,-0.00015418,0.0010036,4.5717e-5,-0.00014563,-6.5217e-5,1.2201e-5
omega_logka,0.0011622,-0.00010476,4.5717e-5,0.0063377,-9.3724e-5,-6.8589e-5,-4.8846e-5
omega_logV,0.00017216,0.0001125,-0.00014563,-9.3724e-5,0.00090938,-2.5221e-5,-2.5334e-5
omega_logCl,4.8965e-6,9.0143e-5,-6.5217e-5,-6.8589e-5,-2.5221e-5,0.00055993,-1.5339e-5
b,4.0277e-5,1.8865e-5,1.2201e-5,-4.8846e-5,-2.5334e-5,-1.5339e-5,7.0894e-5
