logka_pop,1,0.22049,-0.24016,-0.30291,0.012985,0.13767,0.11109
logV_pop,0.22049,1,-0.17974,-0.16626,0.030765,0.13612,0.058838
logCl_pop,-0.24016,-0.17974,1,0.2244,-0.13238,-0.21846,0.02462
omega_logka,-0.30291,-0.16626,0.2244,1,-0.076417,-0.18007,-0.045258
omega_logV,0.012985,0.030765,-0.13238,-0.076417,1,0.023878,-0.11322
omega_logCl,0.13767,0.13612,-0.21846,-0.18007,0.023878,1,-0.11704
b,0.11109,0.058838,0.02462,-0.045258,-0.11322,-0.11704,1
