logka_pop,0.0069062,0.00071269,-0.00073593,-0.002621,3.2693e-5,0.00035402,7.9286e-5
logV_pop,0.00071269,0.0015128,-0.00025777,-0.00067331,3.6252e-5,0.00016382,1.9654e-5
logCl_pop,-0.00073593,-0.00025777,0.0013597,0.00086156,-0.00014788,-0.00024927,7.7967e-6
omega_logka,-0.002621,-0.00067331,0.00086156,0.010841,-0.00024105,-0.00058016,-4.0471e-5
omega_logV,3.2693e-5,3.6252e-5,-0.00014788,-0.00024105,0.00091784,2.2385e-5,-2.9459e-5
omega_logCl,0.00035402,0.00016382,-0.00024927,-0.00058016,2.2385e-5,0.00095751,-3.1105e-5
b,7.9286e-5,1.9654e-5,7.7967e-6,-4.0471e-5,-2.9459e-5,-3.1105e-5,7.3761e-5
