logka_pop,1,0.17283,-0.20308,0.33134,0.0016009,0.024341,0.031956
logV_pop,0.17283,1,-0.095188,-0.13675,0.060976,0.11918,0.085726
logCl_pop,-0.20308,-0.095188,1,0.013106,-0.12076,-0.090156,0.025082
omega_logka,0.33134,-0.13675,0.013106,1,-0.084848,-0.092387,-0.13962
omega_logV,0.0016009,0.060976,-0.12076,-0.084848,1,-0.045135,-0.081012
omega_logCl,0.024341,0.11918,-0.090156,-0.092387,-0.045135,1,-0.040053
b,0.031956,0.085726,0.025082,-0.13962,-0.081012,-0.040053,1
