logka_pop,0.0095118,0.0005864,-0.00056488,0.0031033,4.4388e-6,5.3999e-5,2.5204e-5
logV_pop,0.0005864,0.0012103,-9.4448e-5,-0.00045688,6.0311e-5,9.4312e-5,2.4119e-5
logCl_pop,-0.00056488,-9.4448e-5,0.00081342,3.5896e-5,-9.7916e-5,-5.8487e-5,5.7851e-6
omega_logka,0.0031033,-0.00045688,3.5896e-5,0.0092226,-0.00023166,-0.00020181,-0.00010844
omega_logV,4.4388e-6,6.0311e-5,-9.7916e-5,-0.00023166,0.00080828,-2.9188e-5,-1.8626e-5
omega_logCl,5.3999e-5,9.4312e-5,-5.8487e-5,-0.00020181,-2.9188e-5,0.00051739,-7.3678e-6
b,2.5204e-5,2.4119e-5,5.7851e-6,-0.00010844,-1.8626e-5,-7.3678e-6,6.5402e-5
