logka_pop,1,0.22496,-0.23522,0.20126,0.13242,0.031491,0.06355
logV_pop,0.22496,1,-0.12431,-0.004972,0.090501,0.12852,0.063249
logCl_pop,-0.23522,-0.12431,1,-0.058553,-0.15082,-0.09764,0.056746
omega_logka,0.20126,-0.004972,-0.058553,1,0.059905,-0.0071293,-0.14014
omega_logV,0.13242,0.090501,-0.15082,0.059905,1,0.034091,-0.14901
omega_logCl,0.031491,0.12852,-0.09764,-0.0071293,0.034091,1,-0.1113
b,0.06355,0.063249,0.056746,-0.14014,-0.14901,-0.1113,1
