logka_pop,1,0.35726,-0.24929,-0.28667,-0.039498,0.036993,0.098973
logV_pop,0.35726,1,-0.19511,-0.24982,0.0029023,0.11366,0.11512
logCl_pop,-0.24929,-0.19511,1,0.13301,-0.1136,-0.11876,0.015189
omega_logka,-0.28667,-0.24982,0.13301,1,-0.056343,-0.030754,-0.13463
omega_logV,-0.039498,0.0029023,-0.1136,-0.056343,1,-0.062199,-0.11245
omega_logCl,0.036993,0.11366,-0.11876,-0.030754,-0.062199,1,-0.054704
b,0.098973,0.11512,0.015189,-0.13463,-0.11245,-0.054704,1
