logka_pop,0.0064954,0.0011216,-0.00066599,-0.0017281,-9.6596e-5,7.5375e-5,6.6596e-5
logV_pop,0.0011216,0.0015174,-0.00025193,-0.00072787,3.4305e-6,0.00011194,3.7437e-5
logCl_pop,-0.00066599,-0.00025193,0.0010988,0.00032978,-0.00011427,-9.9523e-5,4.2036e-6
omega_logka,-0.0017281,-0.00072787,0.00032978,0.0055948,-0.00012788,-5.8156e-5,-8.4075e-5
omega_logV,-9.6596e-5,3.4305e-6,-0.00011427,-0.00012788,0.00092077,-4.7716e-5,-2.8487e-5
omega_logCl,7.5375e-5,0.00011194,-9.9523e-5,-5.8156e-5,-4.7716e-5,0.00063917,-1.1547e-5
b,6.6596e-5,3.7437e-5,4.2036e-6,-8.4075e-5,-2.8487e-5,-1.1547e-5,6.9702e-5
