logka_pop,0.0098545,0.0025723,-0.0011293,-0.01963,0.00030845,0.00057229,0.00022906
logV_pop,0.0025723,0.0020744,-0.0003872,-0.0073741,-3.3695e-6,0.0003425,9.9807e-5
logCl_pop,-0.0011293,-0.0003872,0.0010532,0.0026579,-0.00016268,-0.00014938,-1.5214e-5
omega_logka,-0.01963,-0.0073741,0.0026579,0.06652,-0.00041296,-0.0021664,-0.00075004
omega_logV,0.00030845,-3.3695e-6,-0.00016268,-0.00041296,0.00087551,-5.8877e-5,-2.961e-5
omega_logCl,0.00057229,0.0003425,-0.00014938,-0.0021664,-5.8877e-5,0.00072623,7.3509e-6
b,0.00022906,9.9807e-5,-1.5214e-5,-0.00075004,-2.961e-5,7.3509e-6,7.502e-5
