logka_pop,1,0.18103,-0.12937,0.13597,-0.022861,0.11247,0.078239
logV_pop,0.18103,1,-0.095699,-0.0039085,-0.012618,0.13167,0.043932
logCl_pop,-0.12937,-0.095699,1,0.049303,-0.11468,-0.13704,0.053088
omega_logka,0.13597,-0.0039085,0.049303,1,0.0064631,-0.052576,-0.11915
omega_logV,-0.022861,-0.012618,-0.11468,0.0064631,1,-0.0058021,-0.12056
omega_logCl,0.11247,0.13167,-0.13704,-0.052576,-0.0058021,1,-0.060342
b,0.078239,0.043932,0.053088,-0.11915,-0.12056,-0.060342,1
