logka_pop,1,0.25816,-0.2713,-0.032829,0.078399,-0.070222,0.0061544
logV_pop,0.25816,1,-0.19594,-0.058565,0.12553,0.067723,0.013372
logCl_pop,-0.2713,-0.19594,1,0.083489,-0.16638,-0.088666,0.077603
omega_logka,-0.032829,-0.058565,0.083489,1,-0.051106,0.022309,-0.070858
omega_logV,0.078399,0.12553,-0.16638,-0.051106,1,-0.020851,-0.21069
omega_logCl,-0.070222,0.067723,-0.088666,0.022309,-0.020851,1,-0.13188
b,0.0061544,0.013372,0.077603,-0.070858,-0.21069,-0.13188,1
