logka_pop,0.0064323,0.0006601,-0.00061438,-0.00013902,0.00017011,-0.00012275,4.3205e-6
logV_pop,0.0006601,0.0010164,-0.00017639,-9.8588e-5,0.00010828,4.7061e-5,3.7318e-6
logCl_pop,-0.00061438,-0.00017639,0.00079726,0.00012447,-0.0001271,-5.4568e-5,1.918e-5
omega_logka,-0.00013902,-9.8588e-5,0.00012447,0.0027879,-7.3004e-5,2.5674e-5,-3.2749e-5
omega_logV,0.00017011,0.00010828,-0.0001271,-7.3004e-5,0.00073193,-1.2295e-5,-4.9892e-5
omega_logCl,-0.00012275,4.7061e-5,-5.4568e-5,2.5674e-5,-1.2295e-5,0.00047507,-2.5161e-5
b,4.3205e-6,3.7318e-6,1.918e-5,-3.2749e-5,-4.9892e-5,-2.5161e-5,7.6618e-5
