logka_pop,1,0.23378,-0.19983,0.18473,0.013275,0.054272,0.028186
logV_pop,0.23378,1,-0.1532,-0.14788,0.043625,0.14816,0.065882
logCl_pop,-0.19983,-0.1532,1,0.037126,-0.1613,-0.13178,0.058469
omega_logka,0.18473,-0.14788,0.037126,1,-0.031946,-0.015754,-0.2228
omega_logV,0.013275,0.043625,-0.1613,-0.031946,1,0.017549,-0.12817
omega_logCl,0.054272,0.14816,-0.13178,-0.015754,0.017549,1,-0.097728
b,0.028186,0.065882,0.058469,-0.2228,-0.12817,-0.097728,1
