logka_pop,0.0094148,0.00078639,-0.0005842,0.0018272,3.673e-5,0.00011903,2.4555e-5
logV_pop,0.00078639,0.0012018,-0.00016002,-0.00052261,4.3127e-5,0.0001161,2.0507e-5
logCl_pop,-0.0005842,-0.00016002,0.00090779,0.00011403,-0.00013858,-8.9749e-5,1.5817e-5
omega_logka,0.0018272,-0.00052261,0.00011403,0.010392,-9.2865e-5,-3.6301e-5,-0.00020392
omega_logV,3.673e-5,4.3127e-5,-0.00013858,-9.2865e-5,0.00081317,1.1311e-5,-3.2817e-5
omega_logCl,0.00011903,0.0001161,-8.9749e-5,-3.6301e-5,1.1311e-5,0.00051092,-1.9833e-5
b,2.4555e-5,2.0507e-5,1.5817e-5,-0.00020392,-3.2817e-5,-1.9833e-5,8.0613e-5
