logka_pop,1,0.23912,-0.17248,0.20429,0.028791,0.029751,-0.03308
logV_pop,0.23912,1,-0.16416,-0.12736,-0.0060388,0.12697,0.095292
logCl_pop,-0.17248,-0.16416,1,0.12421,-0.11609,-0.16094,0.011137
omega_logka,0.20429,-0.12736,0.12421,1,-0.030595,-0.036476,-0.31877
omega_logV,0.028791,-0.0060388,-0.11609,-0.030595,1,-0.038607,-0.088826
omega_logCl,0.029751,0.12697,-0.16094,-0.036476,-0.038607,1,-0.060458
b,-0.03308,0.095292,0.011137,-0.31877,-0.088826,-0.060458,1
