logka_pop,0.004641,0.00055751,-0.00045913,0.0016095,5.4655e-5,6.1956e-5,-2.0086e-5
logV_pop,0.00055751,0.0011713,-0.00021953,-0.00050409,-5.759e-6,0.00013283,2.9068e-5
logCl_pop,-0.00045913,-0.00021953,0.0015268,0.00056126,-0.0001264,-0.00019222,3.8785e-6
omega_logka,0.0016095,-0.00050409,0.00056126,0.013374,-9.8592e-5,-0.00012895,-0.00032857
omega_logV,5.4655e-5,-5.759e-6,-0.0001264,-9.8592e-5,0.00077647,-3.2885e-5,-2.2061e-5
omega_logCl,6.1956e-5,0.00013283,-0.00019222,-0.00012895,-3.2885e-5,0.0009344,-1.6472e-5
b,-2.0086e-5,2.9068e-5,3.8785e-6,-0.00032857,-2.2061e-5,-1.6472e-5,7.9439e-5
