logka_pop,1,0.23913,-0.20495,0.12556,-0.077903,0.10341,-0.0080014
logV_pop,0.23913,1,-0.15846,-0.059694,-0.025529,0.14796,0.013977
logCl_pop,-0.20495,-0.15846,1,0.041846,-0.081047,-0.18452,0.079222
omega_logka,0.12556,-0.059694,0.041846,1,-0.13322,-0.0091053,-0.075659
omega_logV,-0.077903,-0.025529,-0.081047,-0.13322,1,-0.083877,-0.12959
omega_logCl,0.10341,0.14796,-0.18452,-0.0091053,-0.083877,1,-0.11264
b,-0.0080014,0.013977,0.079222,-0.075659,-0.12959,-0.11264,1
