logka_pop,0.0053281,0.00061198,-0.00048702,0.00060736,-0.00017034,0.00019659,-4.9132e-6
logV_pop,0.00061198,0.0012293,-0.00018087,-0.0001387,-2.6813e-5,0.00013512,4.1225e-6
logCl_pop,-0.00048702,-0.00018087,0.0010598,9.0278e-5,-7.9039e-5,-0.00015645,2.1696e-5
omega_logka,0.00060736,-0.0001387,9.0278e-5,0.0043916,-0.00026446,-1.5716e-5,-4.2178e-5
omega_logV,-0.00017034,-2.6813e-5,-7.9039e-5,-0.00026446,0.00089737,-6.5443e-5,-3.2657e-5
omega_logCl,0.00019659,0.00013512,-0.00015645,-1.5716e-5,-6.5443e-5,0.00067836,-2.468e-5
b,-4.9132e-6,4.1225e-6,2.1696e-5,-4.2178e-5,-3.2657e-5,-2.468e-5,7.0766e-5
