logka_pop,1,0.29992,-0.20005,0.12219,-0.024988,0.11584,0.010009
logV_pop,0.29992,1,-0.19085,-0.018008,0.076186,0.19409,-0.010005
logCl_pop,-0.20005,-0.19085,1,0.01242,-0.10029,-0.25526,0.079302
omega_logka,0.12219,-0.018008,0.01242,1,0.1235,-0.084375,-0.099887
omega_logV,-0.024988,0.076186,-0.10029,0.1235,1,-0.0078206,-0.10781
omega_logCl,0.11584,0.19409,-0.25526,-0.084375,-0.0078206,1,-0.1059
b,0.010009,-0.010005,0.079302,-0.099887,-0.10781,-0.1059,1
