logka_pop,0.0058305,0.0008397,-0.00058948,0.0004993,-5.1931e-5,0.00028436,6.4752e-6
logV_pop,0.0008397,0.0013444,-0.00027004,-3.5334e-5,7.603e-5,0.00022878,-3.108e-6
logCl_pop,-0.00058948,-0.00027004,0.0014892,2.5648e-5,-0.00010534,-0.00031667,2.5927e-5
omega_logka,0.0004993,-3.5334e-5,2.5648e-5,0.0028639,0.00017989,-0.00014516,-4.5288e-5
omega_logV,-5.1931e-5,7.603e-5,-0.00010534,0.00017989,0.00074079,-6.843e-6,-2.486e-5
omega_logCl,0.00028436,0.00022878,-0.00031667,-0.00014516,-6.843e-6,0.0010335,-2.8845e-5
b,6.4752e-6,-3.108e-6,2.5927e-5,-4.5288e-5,-2.486e-5,-2.8845e-5,7.178e-5
