logCl_pop,0.00083827,-2.8826e-6,0.00011901,-7.8994e-5,-2.1903e-5,-4.3003e-6,-5.6612e-5,-2.7477e-5,3.8407e-6
logV1_pop,-2.8826e-6,0.00084094,-0.00017379,-2.2838e-5,3.4624e-6,-1.0798e-5,-9.0065e-5,4.1608e-5,3.5607e-6
logQ_pop,0.00011901,-0.00017379,0.0033661,-1.0807e-5,-1.0321e-5,-3.1213e-5,0.00056534,-0.00014781,2.9804e-6
logV2_pop,-7.8994e-5,-2.2838e-5,-1.0807e-5,0.0014382,7.4461e-5,4.0027e-6,0.00068335,-0.00013411,-3.5512e-6
omega_logCl,-2.1903e-5,3.4624e-6,-1.0321e-5,7.4461e-5,0.00045423,2.9749e-6,7.4783e-5,-1.9664e-5,-1.227e-6
omega_logV1,-4.3003e-6,-1.0798e-5,-3.1213e-5,4.0027e-6,2.9749e-6,0.0004489,1.8763e-6,2.1251e-6,-1.1285e-6
omega_logQ,-5.6612e-5,-9.0065e-5,0.00056534,0.00068335,7.4783e-5,1.8763e-6,0.0038341,-0.00050129,-2.0494e-5
omega_logV2,-2.7477e-5,4.1608e-5,-0.00014781,-0.00013411,-1.9664e-5,2.1251e-6,-0.00050129,0.0012007,-4.9034e-6
b,3.8407e-6,3.5607e-6,2.9804e-6,-3.5512e-6,-1.227e-6,-1.1285e-6,-2.0494e-5,-4.9034e-6,1.0691e-5
