logka_pop,1,0.24075,-0.22062,-0.040054,0.080014,0.072518,0.028214
logV_pop,0.24075,1,-0.1856,-0.14415,-0.025664,0.19247,0.079441
logCl_pop,-0.22062,-0.1856,1,0.083006,-0.12765,-0.22851,0.062142
omega_logka,-0.040054,-0.14415,0.083006,1,0.12723,-0.17272,-0.18036
omega_logV,0.080014,-0.025664,-0.12765,0.12723,1,-0.068292,-0.16303
omega_logCl,0.072518,0.19247,-0.22851,-0.17272,-0.068292,1,-0.050645
b,0.028214,0.079441,0.062142,-0.18036,-0.16303,-0.050645,1
