logka_pop,0.0091578,0.00082172,-0.00072478,-0.00031298,0.0002181,0.00019788,2.2502e-5
logV_pop,0.00082172,0.0012721,-0.00022726,-0.00041983,-2.6073e-5,0.00019574,2.3614e-5
logCl_pop,-0.00072478,-0.00022726,0.0011785,0.00023268,-0.00012482,-0.00022369,1.7779e-5
omega_logka,-0.00031298,-0.00041983,0.00023268,0.0066675,0.00029592,-0.00040215,-0.00012274
omega_logV,0.0002181,-2.6073e-5,-0.00012482,0.00029592,0.00081134,-5.5467e-5,-3.8702e-5
omega_logCl,0.00019788,0.00019574,-0.00022369,-0.00040215,-5.5467e-5,0.00081308,-1.2036e-5
b,2.2502e-5,2.3614e-5,1.7779e-5,-0.00012274,-3.8702e-5,-1.2036e-5,6.9457e-5
