logka_pop,1,0.2401,-0.15656,-0.22243,0.10658,0.078091,0.027199
logV_pop,0.2401,1,-0.16612,-0.3027,0.12818,0.15689,0.097837
logCl_pop,-0.15656,-0.16612,1,0.069143,-0.11446,-0.16337,0.045206
omega_logka,-0.22243,-0.3027,0.069143,1,-0.16682,-0.027811,-0.18001
omega_logV,0.10658,0.12818,-0.11446,-0.16682,1,-0.014407,-0.080192
omega_logCl,0.078091,0.15689,-0.16337,-0.027811,-0.014407,1,-0.068191
b,0.027199,0.097837,0.045206,-0.18001,-0.080192,-0.068191,1
