logka_pop,0.0057499,0.00058794,-0.0004349,-0.001834,0.00021217,0.00017703,1.7907e-5
logV_pop,0.00058794,0.0010428,-0.00019652,-0.0010629,0.00010866,0.00015147,2.7432e-5
logCl_pop,-0.0004349,-0.00019652,0.0013419,0.00027542,-0.00011007,-0.00017892,1.4378e-5
omega_logka,-0.001834,-0.0010629,0.00027542,0.011824,-0.00047621,-9.0409e-5,-0.00016995
omega_logV,0.00021217,0.00010866,-0.00011007,-0.00047621,0.00068919,-1.1307e-5,-1.8279e-5
omega_logCl,0.00017703,0.00015147,-0.00017892,-9.0409e-5,-1.1307e-5,0.00089377,-1.77e-5
b,1.7907e-5,2.7432e-5,1.4378e-5,-0.00016995,-1.8279e-5,-1.77e-5,7.5386e-5
