logka_pop,1,0.17463,-0.20697,0.073679,0.035887,0.052269,-0.0037007
logV_pop,0.17463,1,-0.15493,-0.092692,0.052744,0.11642,0.041974
logCl_pop,-0.20697,-0.15493,1,0.031889,-0.13564,-0.15437,0.085647
omega_logka,0.073679,-0.092692,0.031889,1,-0.014128,-0.001298,-0.1977
omega_logV,0.035887,0.052744,-0.13564,-0.014128,1,-0.010691,-0.12176
omega_logCl,0.052269,0.11642,-0.15437,-0.001298,-0.010691,1,-0.11437
b,-0.0037007,0.041974,0.085647,-0.1977,-0.12176,-0.11437,1
