logka_pop,0.0063489,0.0004638,-0.00051376,0.00044967,7.3449e-5,9.935e-5,-2.4745e-6
logV_pop,0.0004638,0.001111,-0.00016087,-0.00023664,4.5158e-5,9.2566e-5,1.174e-5
logCl_pop,-0.00051376,-0.00016087,0.00097053,7.6092e-5,-0.00010854,-0.00011472,2.2391e-5
omega_logka,0.00044967,-0.00023664,7.6092e-5,0.0058667,-2.7795e-5,-2.3716e-6,-0.00012708
omega_logV,7.3449e-5,4.5158e-5,-0.00010854,-2.7795e-5,0.0006598,-6.5509e-6,-2.6246e-5
omega_logCl,9.935e-5,9.2566e-5,-0.00011472,-2.3716e-6,-6.5509e-6,0.00056905,-2.2896e-5
b,-2.4745e-6,1.174e-5,2.2391e-5,-0.00012708,-2.6246e-5,-2.2896e-5,7.0423e-5
