logka_pop,1,0.19715,-0.19297,0.31741,0.0023266,0.044291,0.026274
logV_pop,0.19715,1,-0.17403,-0.081165,0.071063,0.15947,0.050738
logCl_pop,-0.19297,-0.17403,1,0.051388,-0.18305,-0.17521,0.07624
omega_logka,0.31741,-0.081165,0.051388,1,-0.11621,-0.042229,-0.089965
omega_logV,0.0023266,0.071063,-0.18305,-0.11621,1,-0.039355,-0.10066
omega_logCl,0.044291,0.15947,-0.17521,-0.042229,-0.039355,1,-0.077475
b,0.026274,0.050738,0.07624,-0.089965,-0.10066,-0.077475,1
