logka_pop,0.0092081,0.00067223,-0.00061343,0.0026332,6.7708e-6,0.00011264,2.113e-5
logV_pop,0.00067223,0.0012626,-0.00020486,-0.00024934,7.6578e-5,0.00015017,1.511e-5
logCl_pop,-0.00061343,-0.00020486,0.0010975,0.00014718,-0.00018391,-0.00015383,2.1168e-5
omega_logka,0.0026332,-0.00024934,0.00014718,0.0074743,-0.00030468,-9.6755e-5,-6.5185e-5
omega_logV,6.7708e-6,7.6578e-5,-0.00018391,-0.00030468,0.00091972,-3.1631e-5,-2.5584e-5
omega_logCl,0.00011264,0.00015017,-0.00015383,-9.6755e-5,-3.1631e-5,0.00070235,-1.7208e-5
b,2.113e-5,1.511e-5,2.1168e-5,-6.5185e-5,-2.5584e-5,-1.7208e-5,7.0238e-5
