logka_pop,1,0.25626,-0.29183,0.32098,0.05098,0.084692,0.04443
logV_pop,0.25626,1,-0.19722,-0.049468,0.074338,0.13086,0.073004
logCl_pop,-0.29183,-0.19722,1,-0.017234,-0.16467,-0.16149,0.041222
omega_logka,0.32098,-0.049468,-0.017234,1,-0.0028627,-0.024193,-0.10433
omega_logV,0.05098,0.074338,-0.16467,-0.0028627,1,-0.058622,-0.12888
omega_logCl,0.084692,0.13086,-0.16149,-0.024193,-0.058622,1,-0.10395
b,0.04443,0.073004,0.041222,-0.10433,-0.12888,-0.10395,1
