logka_pop,1,0.22694,-0.13835,0.069385,0.047579,0.053504,0.056975
logV_pop,0.22694,1,-0.10326,0.052491,-0.0017923,0.15755,0.060461
logCl_pop,-0.13835,-0.10326,1,0.037889,-0.11,-0.10651,0.048287
omega_logka,0.069385,0.052491,0.037889,1,-0.1816,-0.0060065,-0.12066
omega_logV,0.047579,-0.0017923,-0.11,-0.1816,1,-0.0081085,-0.13631
omega_logCl,0.053504,0.15755,-0.10651,-0.0060065,-0.0081085,1,-0.063249
b,0.056975,0.060461,0.048287,-0.12066,-0.13631,-0.063249,1
