logka_pop,0.0044258,0.00047475,-0.00035958,0.00044187,8.2588e-5,0.00010948,3.1391e-5
logV_pop,0.00047475,0.00098878,-0.00012686,0.000158,-1.4705e-6,0.00015238,1.5745e-5
logCl_pop,-0.00035958,-0.00012686,0.0015263,0.0001417,-0.00011213,-0.00012799,1.5623e-5
omega_logka,0.00044187,0.000158,0.0001417,0.0091636,-0.00045358,-1.7685e-5,-9.566e-5
omega_logV,8.2588e-5,-1.4705e-6,-0.00011213,-0.00045358,0.00068078,-6.5072e-6,-2.9454e-5
omega_logCl,0.00010948,0.00015238,-0.00012799,-1.7685e-5,-6.5072e-6,0.00094604,-1.6111e-5
b,3.1391e-5,1.5745e-5,1.5623e-5,-9.566e-5,-2.9454e-5,-1.6111e-5,6.8587e-5
