logka_pop,1,0.67871,-0.62531,-0.70722,0.44557,0.28977,0.50269
logV_pop,0.67871,1,-0.64381,-0.78197,0.5253,0.36509,0.49581
logCl_pop,-0.62531,-0.64381,1,0.72217,-0.51343,-0.38371,-0.40246
omega_logka,-0.70722,-0.78197,0.72217,1,-0.59848,-0.39205,-0.58627
omega_logV,0.44557,0.5253,-0.51343,-0.59848,1,0.23809,0.25074
omega_logCl,0.28977,0.36509,-0.38371,-0.39205,0.23809,1,0.16276
b,0.50269,0.49581,-0.40246,-0.58627,0.25074,0.16276,1
