logka_pop,0.01962,0.0053681,-0.0041764,-0.043865,0.0022788,0.0011276,0.00078462
logV_pop,0.0053681,0.0031883,-0.0017334,-0.019551,0.001083,0.00057268,0.00031197
logCl_pop,-0.0041764,-0.0017334,0.0022736,0.015248,-0.00089386,-0.00050826,-0.00021384
omega_logka,-0.043865,-0.019551,0.015248,0.19607,-0.0096758,-0.0048226,-0.0028928
omega_logV,0.0022788,0.001083,-0.00089386,-0.0096758,0.0013331,0.00024149,0.00010202
omega_logCl,0.0011276,0.00057268,-0.00050826,-0.0048226,0.00024149,0.00077171,5.0385e-5
b,0.00078462,0.00031197,-0.00021384,-0.0028928,0.00010202,5.0385e-5,0.00012417
