logka_pop,1,0.24549,-0.21237,0.15366,-0.039822,0.013767,0.065866
logV_pop,0.24549,1,-0.16009,-0.031981,0.0094954,0.15074,0.054992
logCl_pop,-0.21237,-0.16009,1,0.052167,-0.16802,-0.11562,0.046533
omega_logka,0.15366,-0.031981,0.052167,1,-0.19624,-0.044492,-0.055243
omega_logV,-0.039822,0.0094954,-0.16802,-0.19624,1,0.016183,-0.1389
omega_logCl,0.013767,0.15074,-0.11562,-0.044492,0.016183,1,-0.080887
b,0.065866,0.054992,0.046533,-0.055243,-0.1389,-0.080887,1
