logka_pop,1,0.24276,-0.23803,0.23626,0.057161,-0.014374,0.02575
logV_pop,0.24276,1,-0.21621,-0.10912,0.068635,0.14102,0.084609
logCl_pop,-0.23803,-0.21621,1,0.035572,-0.15655,-0.13038,0.050548
omega_logka,0.23626,-0.10912,0.035572,1,-0.050982,-0.084456,-0.078232
omega_logV,0.057161,0.068635,-0.15655,-0.050982,1,-0.023118,-0.18038
omega_logCl,-0.014374,0.14102,-0.13038,-0.084456,-0.023118,1,-0.074176
b,0.02575,0.084609,0.050548,-0.078232,-0.18038,-0.074176,1
