logka_pop,0.015288,0.0010162,-0.0010424,0.0033913,0.00020967,-4.9271e-5,2.7674e-5
logV_pop,0.0010162,0.0011462,-0.00025927,-0.00042886,6.8938e-5,0.00013236,2.4898e-5
logCl_pop,-0.0010424,-0.00025927,0.0012545,0.00014627,-0.0001645,-0.00012802,1.5562e-5
omega_logka,0.0033913,-0.00042886,0.00014627,0.013477,-0.00017559,-0.00027181,-7.894e-5
omega_logV,0.00020967,6.8938e-5,-0.0001645,-0.00017559,0.00088015,-1.9013e-5,-4.6513e-5
omega_logCl,-4.9271e-5,0.00013236,-0.00012802,-0.00027181,-1.9013e-5,0.00076857,-1.7874e-5
b,2.7674e-5,2.4898e-5,1.5562e-5,-7.894e-5,-4.6513e-5,-1.7874e-5,7.5549e-5
