logka_pop,1,0.2262,-0.19205,0.057714,0.11528,0.082337,-0.045349
logV_pop,0.2262,1,-0.11524,-0.053084,0.047583,0.15113,0.026789
logCl_pop,-0.19205,-0.11524,1,0.029732,-0.11288,-0.13146,0.069025
omega_logka,0.057714,-0.053084,0.029732,1,-0.023185,-0.041177,-0.060434
omega_logV,0.11528,0.047583,-0.11288,-0.023185,1,-0.0027417,-0.1758
omega_logCl,0.082337,0.15113,-0.13146,-0.041177,-0.0027417,1,-0.085482
b,-0.045349,0.026789,0.069025,-0.060434,-0.1758,-0.085482,1
