logka_pop,0.0072352,0.00061447,-0.00053183,0.00035083,0.00027098,0.00018334,-3.3328e-5
logV_pop,0.00061447,0.0010199,-0.00011982,-0.00012115,4.1996e-5,0.00012635,7.392e-6
logCl_pop,-0.00053183,-0.00011982,0.0010599,6.9174e-5,-0.00010156,-0.00011204,1.9416e-5
omega_logka,0.00035083,-0.00012115,6.9174e-5,0.005107,-4.5789e-5,-7.7034e-5,-3.7315e-5
omega_logV,0.00027098,4.1996e-5,-0.00010156,-4.5789e-5,0.00076372,-1.9835e-6,-4.1976e-5
omega_logCl,0.00018334,0.00012635,-0.00011204,-7.7034e-5,-1.9835e-6,0.00068531,-1.9335e-5
b,-3.3328e-5,7.392e-6,1.9416e-5,-3.7315e-5,-4.1976e-5,-1.9335e-5,7.4652e-5
