logka_pop,0.0065033,0.00091933,-0.00059823,-0.0037461,-0.0001153,0.00017931,0.00011568
logV_pop,0.00091933,0.0012431,-0.00017446,-0.00048419,-2.9178e-5,0.00010707,2.5568e-5
logCl_pop,-0.00059823,-0.00017446,0.0010719,0.00038748,-8.8752e-5,-0.00010971,3.2516e-6
omega_logka,-0.0037461,-0.00048419,0.00038748,0.0085827,0.00022691,-0.00014293,-0.00012701
omega_logV,-0.0001153,-2.9178e-5,-8.8752e-5,0.00022691,0.00085845,-8.3333e-5,-3.0126e-5
omega_logCl,0.00017931,0.00010707,-0.00010971,-0.00014293,-8.3333e-5,0.00062558,-1.1357e-5
b,0.00011568,2.5568e-5,3.2516e-6,-0.00012701,-3.0126e-5,-1.1357e-5,7.3401e-5
