logka_pop,0.0077499,0.00067179,-0.00061106,3.1416e-5,0.00011355,-8.1286e-5,8.4301e-6
logV_pop,0.00067179,0.00094068,-0.00023074,-0.0004234,2.0378e-5,0.00010724,1.8733e-5
logCl_pop,-0.00061106,-0.00023074,0.0011676,0.00018197,-0.00010765,-0.00013711,1.4889e-5
omega_logka,3.1416e-5,-0.0004234,0.00018197,0.0055454,-1.1552e-5,-7.8486e-5,-6.5437e-5
omega_logV,0.00011355,2.0378e-5,-0.00010765,-1.1552e-5,0.00056502,-4.4872e-5,-2.5377e-5
omega_logCl,-8.1286e-5,0.00010724,-0.00013711,-7.8486e-5,-4.4872e-5,0.00074049,-2.0635e-5
b,8.4301e-6,1.8733e-5,1.4889e-5,-6.5437e-5,-2.5377e-5,-2.0635e-5,7.0999e-5
