logka_pop,1,0.22648,-0.23797,-0.42864,-0.026232,-0.0087949,0.12815
logV_pop,0.22648,1,-0.11668,-0.18602,-0.039823,0.086552,0.1115
logCl_pop,-0.23797,-0.11668,1,0.16731,-0.10715,-0.03395,0.0018465
omega_logka,-0.42864,-0.18602,0.16731,1,-0.024394,0.02086,-0.15079
omega_logV,-0.026232,-0.039823,-0.10715,-0.024394,1,-0.046879,-0.18535
omega_logCl,-0.0087949,0.086552,-0.03395,0.02086,-0.046879,1,-0.062388
b,0.12815,0.1115,0.0018465,-0.15079,-0.18535,-0.062388,1
