logka_pop,0.0086346,0.00067837,-0.00064126,-0.0033621,-6.9962e-5,-1.8008e-5,9.8616e-5
logV_pop,0.00067837,0.0010391,-0.00010907,-0.00050614,-3.6844e-5,6.1479e-5,2.9764e-5
logCl_pop,-0.00064126,-0.00010907,0.00084094,0.00040953,-8.9182e-5,-2.1694e-5,4.4344e-7
omega_logka,-0.0033621,-0.00050614,0.00040953,0.0071251,-5.91e-5,3.8799e-5,-0.0001054
omega_logV,-6.9962e-5,-3.6844e-5,-8.9182e-5,-5.91e-5,0.00082378,-2.9649e-5,-4.4055e-5
omega_logCl,-1.8008e-5,6.1479e-5,-2.1694e-5,3.8799e-5,-2.9649e-5,0.00048556,-1.1385e-5
b,9.8616e-5,2.9764e-5,4.4344e-7,-0.0001054,-4.4055e-5,-1.1385e-5,6.858e-5
