logka_pop,1,0.23777,-0.19425,-0.16624,0.0005295,0.015615,0.15531
logV_pop,0.23777,1,-0.13494,-0.16272,-0.031215,0.070332,0.11327
logCl_pop,-0.19425,-0.13494,1,0.077149,-0.10759,-0.074735,0.0076386
omega_logka,-0.16624,-0.16272,0.077149,1,0.10965,0.021828,-0.21283
omega_logV,0.0005295,-0.031215,-0.10759,0.10965,1,-0.053908,-0.17579
omega_logCl,0.015615,0.070332,-0.074735,0.021828,-0.053908,1,-0.063374
b,0.15531,0.11327,0.0076386,-0.21283,-0.17579,-0.063374,1
