logka_pop,0.0063278,0.00065701,-0.00062641,0.00090971,2.2083e-5,0.00013997,3.2537e-5
logV_pop,0.00065701,0.0012116,-0.0002293,-0.00054471,3.7646e-5,0.00022437,1.6419e-5
logCl_pop,-0.00062641,-0.0002293,0.0016611,0.0002001,-0.00014217,-0.00024996,1.5991e-5
omega_logka,0.00090971,-0.00054471,0.0002001,0.0092115,-0.00039455,-0.00044146,-2.8665e-5
omega_logV,2.2083e-5,3.7646e-5,-0.00014217,-0.00039455,0.0008592,3.8487e-5,-3.3421e-5
omega_logCl,0.00013997,0.00022437,-0.00024996,-0.00044146,3.8487e-5,0.0010426,-1.8349e-5
b,3.2537e-5,1.6419e-5,1.5991e-5,-2.8665e-5,-3.3421e-5,-1.8349e-5,7.1813e-5
