logV_pop,1,-0.034787,0.052901,0.00040039,0.016414,0.056771,0.019811
logVm_pop,-0.034787,1,0.32108,0.023684,-0.17181,0.17178,-0.017273
logKm_pop,0.052901,0.32108,1,0.0066196,-0.10539,0.36757,-0.056312
omega_logV,0.00040039,0.023684,0.0066196,1,-0.039736,-0.0116,0.00080359
omega_logVm,0.016414,-0.17181,-0.10539,-0.039736,1,-0.10713,-0.0046317
omega_logKm,0.056771,0.17178,0.36757,-0.0116,-0.10713,1,-0.053922
b,0.019811,-0.017273,-0.056312,0.00080359,-0.0046317,-0.053922,1
