logV_pop,0.00087026,-2.792e-5,0.00010754,2.4857e-7,1.075e-5,7.9301e-5,1.3073e-6
logVm_pop,-2.792e-5,0.00074021,0.00060196,1.356e-5,-0.00010377,0.0002213,-1.0512e-6
logKm_pop,0.00010754,0.00060196,0.0047483,9.5991e-6,-0.00016122,0.0011993,-8.6795e-6
omega_logV,2.4857e-7,1.356e-5,9.5991e-6,0.00044286,-1.8564e-5,-1.1559e-5,3.7826e-8
omega_logVm,1.075e-5,-0.00010377,-0.00016122,-1.8564e-5,0.00049287,-0.00011262,-2.3e-7
omega_logKm,7.9301e-5,0.0002213,0.0011993,-1.1559e-5,-0.00011262,0.0022421,-5.7112e-6
b,1.3073e-6,-1.0512e-6,-8.6795e-6,3.7826e-8,-2.3e-7,-5.7112e-6,5.0033e-6
