logka_pop,1,0.18667,-0.22952,0.2111,0.12392,0.0090305,-0.020701
logV_pop,0.18667,1,-0.14934,-0.010748,0.026645,0.08219,0.024543
logCl_pop,-0.22952,-0.14934,1,-0.0025084,-0.13774,-0.12928,0.062783
omega_logka,0.2111,-0.010748,-0.0025084,1,0.078666,-0.051323,-0.043187
omega_logV,0.12392,0.026645,-0.13774,0.078666,1,-0.079599,-0.08968
omega_logCl,0.0090305,0.08219,-0.12928,-0.051323,-0.079599,1,-0.092478
b,-0.020701,0.024543,0.062783,-0.043187,-0.08968,-0.092478,1
