logka_pop,1,0.15543,-0.16324,0.053778,-0.066546,0.046589,0.034115
logV_pop,0.15543,1,-0.13381,-0.13438,0.0025798,0.14725,0.021074
logCl_pop,-0.16324,-0.13381,1,0.10222,-0.065838,-0.17737,0.059047
omega_logka,0.053778,-0.13438,0.10222,1,-0.013066,-0.093916,-0.025338
omega_logV,-0.066546,0.0025798,-0.065838,-0.013066,1,-0.027736,-0.095579
omega_logCl,0.046589,0.14725,-0.17737,-0.093916,-0.027736,1,-0.09462
b,0.034115,0.021074,0.059047,-0.025338,-0.095579,-0.09462,1
