logka_pop,0.006618,0.00043828,-0.00042513,0.00037982,-0.00014933,9.6355e-5,2.2548e-5
logV_pop,0.00043828,0.0012014,-0.00014848,-0.00040437,2.4667e-6,0.00012976,5.9349e-6
logCl_pop,-0.00042513,-0.00014848,0.0010248,0.00028411,-5.814e-5,-0.00014436,1.5358e-5
omega_logka,0.00037982,-0.00040437,0.00028411,0.0075372,-3.1291e-5,-0.00020729,-1.7873e-5
omega_logV,-0.00014933,2.4667e-6,-5.814e-5,-3.1291e-5,0.00076093,-1.9452e-5,-2.1421e-5
omega_logCl,9.6355e-5,0.00012976,-0.00014436,-0.00020729,-1.9452e-5,0.00064634,-1.9545e-5
b,2.2548e-5,5.9349e-6,1.5358e-5,-1.7873e-5,-2.1421e-5,-1.9545e-5,6.6013e-5
