logka_pop,1,0.20762,-0.23659,-0.093666,0.041581,0.050977,0.10644
logV_pop,0.20762,1,-0.10428,-0.077108,-0.014535,0.14031,0.052228
logCl_pop,-0.23659,-0.10428,1,0.17144,-0.19903,-0.16621,0.060039
omega_logka,-0.093666,-0.077108,0.17144,1,-0.11693,-0.08019,-0.18057
omega_logV,0.041581,-0.014535,-0.19903,-0.11693,1,-0.0024964,-0.12073
omega_logCl,0.050977,0.14031,-0.16621,-0.08019,-0.0024964,1,-0.056932
b,0.10644,0.052228,0.060039,-0.18057,-0.12073,-0.056932,1
