logka_pop,1,0.2553,-0.16151,-0.092685,-0.0013448,0.084645,0.0045921
logV_pop,0.2553,1,-0.1174,-0.18355,-0.059763,0.11968,0.073507
logCl_pop,-0.16151,-0.1174,1,0.076762,-0.11453,-0.10064,0.041241
omega_logka,-0.092685,-0.18355,0.076762,1,0.022846,-0.06689,-0.08688
omega_logV,-0.0013448,-0.059763,-0.11453,0.022846,1,-0.06421,-0.11522
omega_logCl,0.084645,0.11968,-0.10064,-0.06689,-0.06421,1,-0.065493
b,0.0045921,0.073507,0.041241,-0.08688,-0.11522,-0.065493,1
