logka_pop,0.0033816,0.00051446,-0.00032229,-0.00037602,-2.1318e-6,0.00013218,2.3102e-6
logV_pop,0.00051446,0.0012008,-0.00013961,-0.00044373,-5.6452e-5,0.00011137,2.2036e-5
logCl_pop,-0.00032229,-0.00013961,0.0011775,0.00018377,-0.00010713,-9.2739e-5,1.2243e-5
omega_logka,-0.00037602,-0.00044373,0.00018377,0.0048672,4.3446e-5,-0.00012532,-5.2436e-5
omega_logV,-2.1318e-6,-5.6452e-5,-0.00010713,4.3446e-5,0.00074305,-4.7003e-5,-2.7171e-5
omega_logCl,0.00013218,0.00011137,-9.2739e-5,-0.00012532,-4.7003e-5,0.00072115,-1.5215e-5
b,2.3102e-6,2.2036e-5,1.2243e-5,-5.2436e-5,-2.7171e-5,-1.5215e-5,7.4841e-5
