logka_pop,1,0.25968,-0.16719,0.25772,-0.16542,0.085109,0.080165
logV_pop,0.25968,1,-0.15812,0.011795,-0.038917,0.13554,0.10117
logCl_pop,-0.16719,-0.15812,1,0.015923,-0.11096,-0.17863,0.057155
omega_logka,0.25772,0.011795,0.015923,1,-0.26639,0.010805,-0.050533
omega_logV,-0.16542,-0.038917,-0.11096,-0.26639,1,-0.085743,-0.10516
omega_logCl,0.085109,0.13554,-0.17863,0.010805,-0.085743,1,-0.10123
b,0.080165,0.10117,0.057155,-0.050533,-0.10516,-0.10123,1
