logka_pop,0.0053949,0.00070133,-0.00037181,0.0012356,-0.00038125,0.00015604,5.4312e-5
logV_pop,0.00070133,0.001352,-0.00017603,2.831e-5,-4.4901e-5,0.0001244,3.4312e-5
logCl_pop,-0.00037181,-0.00017603,0.00091671,3.147e-5,-0.00010542,-0.000135,1.5962e-5
omega_logka,0.0012356,2.831e-5,3.147e-5,0.0042608,-0.00054562,1.7605e-5,-3.0426e-5
omega_logV,-0.00038125,-4.4901e-5,-0.00010542,-0.00054562,0.00098457,-6.7158e-5,-3.0438e-5
omega_logCl,0.00015604,0.0001244,-0.000135,1.7605e-5,-6.7158e-5,0.00062309,-2.3307e-5
b,5.4312e-5,3.4312e-5,1.5962e-5,-3.0426e-5,-3.0438e-5,-2.3307e-5,8.5081e-5
