logka_pop,1,0.27722,-0.21405,-0.040848,0.056347,0.10355,0.068872
logV_pop,0.27722,1,-0.18026,-0.14876,0.064361,0.19855,0.072123
logCl_pop,-0.21405,-0.18026,1,0.09248,-0.11382,-0.19647,0.040602
omega_logka,-0.040848,-0.14876,0.09248,1,-0.10736,-0.064641,-0.09734
omega_logV,0.056347,0.064361,-0.11382,-0.10736,1,0.038251,-0.19828
omega_logCl,0.10355,0.19855,-0.19647,-0.064641,0.038251,1,-0.080897
b,0.068872,0.072123,0.040602,-0.09734,-0.19828,-0.080897,1
