logka_pop,0.0062086,0.00065523,-0.00056043,-0.0002473,0.00011358,0.00021718,4.6027e-5
logV_pop,0.00065523,0.00089978,-0.00017967,-0.00034286,4.9387e-5,0.00015853,1.8349e-5
logCl_pop,-0.00056043,-0.00017967,0.0011041,0.00023611,-9.6749e-5,-0.00017378,1.1442e-5
omega_logka,-0.0002473,-0.00034286,0.00023611,0.0059037,-0.00021103,-0.0001322,-6.3434e-5
omega_logV,0.00011358,4.9387e-5,-9.6749e-5,-0.00021103,0.0006544,2.6046e-5,-4.302e-5
omega_logCl,0.00021718,0.00015853,-0.00017378,-0.0001322,2.6046e-5,0.00070852,-1.8263e-5
b,4.6027e-5,1.8349e-5,1.1442e-5,-6.3434e-5,-4.302e-5,-1.8263e-5,7.1934e-5
