logka_pop,1,0.1425,-0.15096,0.18339,0.035134,-0.0043993,0.090742
logV_pop,0.1425,1,-0.12673,-0.17638,0.035081,0.096718,0.086487
logCl_pop,-0.15096,-0.12673,1,0.054464,-0.12875,-0.11546,0.046163
omega_logka,0.18339,-0.17638,0.054464,1,0.014484,-0.025961,-0.13903
omega_logV,0.035134,0.035081,-0.12875,0.014484,1,-0.033812,-0.1817
omega_logCl,-0.0043993,0.096718,-0.11546,-0.025961,-0.033812,1,-0.065053
b,0.090742,0.086487,0.046163,-0.13903,-0.1817,-0.065053,1
