logka_pop,0.0084278,0.00041085,-0.000498,0.0015686,8.7585e-5,-1.1258e-5,7.3699e-5
logV_pop,0.00041085,0.00098632,-0.00014302,-0.0005161,2.9917e-5,8.4675e-5,2.403e-5
logCl_pop,-0.000498,-0.00014302,0.0012913,0.00018235,-0.00012563,-0.00011566,1.4676e-5
omega_logka,0.0015686,-0.0005161,0.00018235,0.0086804,3.6644e-5,-6.7428e-5,-0.0001146
omega_logV,8.7585e-5,2.9917e-5,-0.00012563,3.6644e-5,0.00073738,-2.5595e-5,-4.3652e-5
omega_logCl,-1.1258e-5,8.4675e-5,-0.00011566,-6.7428e-5,-2.5595e-5,0.00077711,-1.6044e-5
b,7.3699e-5,2.403e-5,1.4676e-5,-0.0001146,-4.3652e-5,-1.6044e-5,7.827e-5
