logka_pop,1,0.20001,-0.18514,0.28141,-0.068854,0.060849,0.10139
logV_pop,0.20001,1,-0.21192,-0.19367,0.039923,0.2183,0.094367
logCl_pop,-0.18514,-0.21192,1,0.098074,-0.1181,-0.15356,0.016739
omega_logka,0.28141,-0.19367,0.098074,1,-0.14577,-0.067984,-0.06834
omega_logV,-0.068854,0.039923,-0.1181,-0.14577,1,-0.068266,-0.11743
omega_logCl,0.060849,0.2183,-0.15356,-0.067984,-0.068266,1,-0.058091
b,0.10139,0.094367,0.016739,-0.06834,-0.11743,-0.058091,1
