logka_pop,0.014036,0.00080917,-0.00080292,0.0035718,-0.00021233,0.00021701,0.00010281
logV_pop,0.00080917,0.0011661,-0.00026491,-0.00070853,3.5486e-5,0.00022441,2.7581e-5
logCl_pop,-0.00080292,-0.00026491,0.0013401,0.00038465,-0.00011253,-0.00016922,5.2448e-6
omega_logka,0.0035718,-0.00070853,0.00038465,0.011478,-0.00040651,-0.00021926,-6.2668e-5
omega_logV,-0.00021233,3.5486e-5,-0.00011253,-0.00040651,0.00067754,-5.3492e-5,-2.6162e-5
omega_logCl,0.00021701,0.00022441,-0.00016922,-0.00021926,-5.3492e-5,0.0009062,-1.4967e-5
b,0.00010281,2.7581e-5,5.2448e-6,-6.2668e-5,-2.6162e-5,-1.4967e-5,7.3258e-5
