logka_pop,1,0.16819,-0.12982,0.34404,-0.007383,-0.010612,0.067104
logV_pop,0.16819,1,-0.10019,0.0073261,0.017076,0.085622,0.051807
logCl_pop,-0.12982,-0.10019,1,-0.009044,-0.12147,-0.11843,0.05458
omega_logka,0.34404,0.0073261,-0.009044,1,-0.016456,-0.0053392,-0.058682
omega_logV,-0.007383,0.017076,-0.12147,-0.016456,1,-0.035207,-0.11975
omega_logCl,-0.010612,0.085622,-0.11843,-0.0053392,-0.035207,1,-0.081365
b,0.067104,0.051807,0.05458,-0.058682,-0.11975,-0.081365,1
