logka_pop,0.0054684,0.00042583,-0.00032666,0.0018536,-1.5286e-5,-2.1207e-5,3.8818e-5
logV_pop,0.00042583,0.0011722,-0.00011672,1.8275e-5,1.637e-5,7.922e-5,1.3875e-5
logCl_pop,-0.00032666,-0.00011672,0.0011579,-2.2422e-5,-0.00011573,-0.00010891,1.4529e-5
omega_logka,0.0018536,1.8275e-5,-2.2422e-5,0.0053083,-3.3571e-5,-1.0512e-5,-3.3446e-5
omega_logV,-1.5286e-5,1.637e-5,-0.00011573,-3.3571e-5,0.00078396,-2.6639e-5,-2.6229e-5
omega_logCl,-2.1207e-5,7.922e-5,-0.00010891,-1.0512e-5,-2.6639e-5,0.0007303,-1.7201e-5
b,3.8818e-5,1.3875e-5,1.4529e-5,-3.3446e-5,-2.6229e-5,-1.7201e-5,6.1195e-5
