logka_pop,1,0.23693,-0.21478,0.19521,-0.027172,0.078965,-0.0018122
logV_pop,0.23693,1,-0.12338,-0.054471,-0.013977,0.1539,0.072904
logCl_pop,-0.21478,-0.12338,1,-0.016285,-0.099268,-0.15512,0.048614
omega_logka,0.19521,-0.054471,-0.016285,1,-0.17025,-0.080253,-0.28576
omega_logV,-0.027172,-0.013977,-0.099268,-0.17025,1,0.015555,-0.062792
omega_logCl,0.078965,0.1539,-0.15512,-0.080253,0.015555,1,-0.059909
b,-0.0018122,0.072904,0.048614,-0.28576,-0.062792,-0.059909,1
