logka_pop,0.0063023,0.00066932,-0.00057702,0.0017676,-6.3114e-5,0.00016382,-1.2253e-6
logV_pop,0.00066932,0.0012662,-0.00014857,-0.00022108,-1.4552e-5,0.00014311,2.2096e-5
logCl_pop,-0.00057702,-0.00014857,0.0011452,-6.2859e-5,-9.8291e-5,-0.00013718,1.4013e-5
omega_logka,0.0017676,-0.00022108,-6.2859e-5,0.013009,-0.00056815,-0.0002392,-0.00027761
omega_logV,-6.3114e-5,-1.4552e-5,-9.8291e-5,-0.00056815,0.00085608,1.1893e-5,-1.5648e-5
omega_logCl,0.00016382,0.00014311,-0.00013718,-0.0002392,1.1893e-5,0.0006829,-1.3335e-5
b,-1.2253e-6,2.2096e-5,1.4013e-5,-0.00027761,-1.5648e-5,-1.3335e-5,7.2547e-5
