logka_pop,0.0057,0.0006324,-0.00056837,-0.0019181,0.00011028,0.00012819,3.4824e-5
logV_pop,0.0006324,0.0010973,-0.00017325,-0.0012312,3.3162e-5,7.4213e-5,2.3573e-5
logCl_pop,-0.00056837,-0.00017325,0.0013194,0.00041667,-9.5081e-5,-9.6695e-5,6.065e-6
omega_logka,-0.0019181,-0.0012312,0.00041667,0.019641,7.4259e-5,0.00017984,-0.00017138
omega_logV,0.00011028,3.3162e-5,-9.5081e-5,7.4259e-5,0.00065442,-1.2921e-5,-2.4839e-5
omega_logCl,0.00012819,7.4213e-5,-9.6695e-5,0.00017984,-1.2921e-5,0.00074095,-1.4406e-5
b,3.4824e-5,2.3573e-5,6.065e-6,-0.00017138,-2.4839e-5,-1.4406e-5,6.1769e-5
