logV_pop,1,-0.022249,-0.024339,0.0023336,0.013306,-0.0041026,0.022883
logVm_pop,-0.022249,1,0.15207,-0.0054208,-0.066707,0.090936,0.00048371
logKm_pop,-0.024339,0.15207,1,-0.0032393,-0.084269,0.19456,-0.020755
omega_logV,0.0023336,-0.0054208,-0.0032393,1,-0.00061194,-0.0066041,-0.0031533
omega_logVm,0.013306,-0.066707,-0.084269,-0.00061194,1,-0.1246,-0.01032
omega_logKm,-0.0041026,0.090936,0.19456,-0.0066041,-0.1246,1,-0.012292
b,0.022883,0.00048371,-0.020755,-0.0031533,-0.01032,-0.012292,1
