logV_pop,0.00076151,-1.7427e-5,-2.4958e-5,1.2667e-6,8.0879e-6,-3.322e-6,1.1371e-6
logVm_pop,-1.7427e-5,0.0008056,0.00016039,-3.0263e-6,-4.1705e-5,7.5734e-5,2.4724e-8
logKm_pop,-2.4958e-5,0.00016039,0.0013808,-2.3676e-6,-6.8976e-5,0.00021213,-1.3889e-6
omega_logV,1.2667e-6,-3.0263e-6,-2.3676e-6,0.0003869,-2.6514e-7,-3.8116e-6,-1.117e-7
omega_logVm,8.0879e-6,-4.1705e-5,-6.8976e-5,-2.6514e-7,0.0004852,-8.0533e-5,-4.0936e-7
omega_logKm,-3.322e-6,7.5734e-5,0.00021213,-3.8116e-6,-8.0533e-5,0.00086098,-6.4954e-7
b,1.1371e-6,2.4724e-8,-1.3889e-6,-1.117e-7,-4.0936e-7,-6.4954e-7,3.243e-6
