logka_pop,1,0.8683,-0.78379,-0.95566,0.68235,0.5769,0.34596
logV_pop,0.8683,1,-0.72679,-0.87002,0.61784,0.56713,0.33402
logCl_pop,-0.78379,-0.72679,1,0.77902,-0.59577,-0.55205,-0.24664
omega_logka,-0.95566,-0.87002,0.77902,1,-0.68711,-0.58858,-0.35616
omega_logV,0.68235,0.61784,-0.59577,-0.68711,1,0.3997,0.15435
omega_logCl,0.5769,0.56713,-0.55205,-0.58858,0.3997,1,0.15891
b,0.34596,0.33402,-0.24664,-0.35616,0.15435,0.15891,1
