logka_pop,0.058638,0.014903,-0.011275,-0.095562,0.0063411,0.0050895,0.00076544
logV_pop,0.014903,0.0050236,-0.0030603,-0.025464,0.0016806,0.0014645,0.00021631
logCl_pop,-0.011275,-0.0030603,0.0035293,0.019111,-0.0013583,-0.0011948,-0.00013388
omega_logka,-0.095562,-0.025464,0.019111,0.17052,-0.010889,-0.008855,-0.0013438
omega_logV,0.0063411,0.0016806,-0.0013583,-0.010889,0.0014728,0.00055884,5.4123e-5
omega_logCl,0.0050895,0.0014645,-0.0011948,-0.008855,0.00055884,0.0013273,5.2897e-5
b,0.00076544,0.00021631,-0.00013388,-0.0013438,5.4123e-5,5.2897e-5,8.3484e-5
