logka_pop,0.0087789,0.00081269,-0.00091992,0.0009337,0.00014483,0.00016368,4.7475e-5
logV_pop,0.00081269,0.0012246,-0.00021173,-0.00037833,7.6093e-6,0.00012985,2.912e-5
logCl_pop,-0.00091992,-0.00021173,0.001045,-3.5619e-5,-0.00017006,-9.785e-5,1.6585e-5
omega_logka,0.0009337,-0.00037833,-3.5619e-5,0.0070112,0.00025224,-0.00014337,-9.4345e-5
omega_logV,0.00014483,7.6093e-6,-0.00017006,0.00025224,0.00096311,-6.303e-5,-4.3703e-5
omega_logCl,0.00016368,0.00012985,-9.785e-5,-0.00014337,-6.303e-5,0.00057267,-1.4261e-5
b,4.7475e-5,2.912e-5,1.6585e-5,-9.4345e-5,-4.3703e-5,-1.4261e-5,8.4045e-5
