logka_pop,1,0.18413,-0.14682,-0.3592,-0.048595,-0.0060421,0.1708
logV_pop,0.18413,1,-0.12011,-0.1168,-0.019169,0.09126,0.085585
logCl_pop,-0.14682,-0.12011,1,0.012371,-0.10029,-0.16272,0.042113
omega_logka,-0.3592,-0.1168,0.012371,1,0.070219,0.038759,-0.23295
omega_logV,-0.048595,-0.019169,-0.10029,0.070219,1,-0.055257,-0.10168
omega_logCl,-0.0060421,0.09126,-0.16272,0.038759,-0.055257,1,-0.065268
b,0.1708,0.085585,0.042113,-0.23295,-0.10168,-0.065268,1
