logka_pop,0.0062947,0.00061379,-0.00043134,-0.0019814,-0.00012708,-1.3388e-5,0.00011692
logV_pop,0.00061379,0.0017653,-0.00018687,-0.0003412,-2.6548e-5,0.00010709,3.1026e-5
logCl_pop,-0.00043134,-0.00018687,0.0013712,3.185e-5,-0.00012241,-0.00016828,1.3455e-5
omega_logka,-0.0019814,-0.0003412,3.185e-5,0.004834,0.00016092,7.5261e-5,-0.00013975
omega_logV,-0.00012708,-2.6548e-5,-0.00012241,0.00016092,0.0010865,-5.0868e-5,-2.8918e-5
omega_logCl,-1.3388e-5,0.00010709,-0.00016828,7.5261e-5,-5.0868e-5,0.00077997,-1.5727e-5
b,0.00011692,3.1026e-5,1.3455e-5,-0.00013975,-2.8918e-5,-1.5727e-5,7.4444e-5
