logka_pop,1,0.12154,-0.088489,-0.020264,-0.021459,0.030656,0.047066
logV_pop,0.12154,1,-0.093485,-0.047093,-0.014298,0.10954,0.059882
logCl_pop,-0.088489,-0.093485,1,0.054182,-0.10238,-0.13289,0.039127
omega_logka,-0.020264,-0.047093,0.054182,1,-0.07713,-0.033767,-0.019247
omega_logV,-0.021459,-0.014298,-0.10238,-0.07713,1,-0.062535,-0.090494
omega_logCl,0.030656,0.10954,-0.13289,-0.033767,-0.062535,1,-0.060273
b,0.047066,0.059882,0.039127,-0.019247,-0.090494,-0.060273,1
