logka_pop,0.0024054,0.00021909,-0.00016439,-3.6095e-5,-3.0487e-5,4.4452e-5,1.9456e-5
logV_pop,0.00021909,0.0013508,-0.00013015,-6.2861e-5,-1.5223e-5,0.00011903,1.855e-5
logCl_pop,-0.00016439,-0.00013015,0.0014348,7.4537e-5,-0.00011233,-0.00014882,1.2492e-5
omega_logka,-3.6095e-5,-6.2861e-5,7.4537e-5,0.001319,-8.1143e-5,-3.6259e-5,-5.8916e-6
omega_logV,-3.0487e-5,-1.5223e-5,-0.00011233,-8.1143e-5,0.00083909,-5.3557e-5,-2.2094e-5
omega_logCl,4.4452e-5,0.00011903,-0.00014882,-3.6259e-5,-5.3557e-5,0.00087414,-1.502e-5
b,1.9456e-5,1.855e-5,1.2492e-5,-5.8916e-6,-2.2094e-5,-1.502e-5,7.104e-5
