logka_pop,1,0.20072,-0.2274,0.15705,0.066411,0.078441,-0.031542
logV_pop,0.20072,1,-0.16299,-0.065712,0.028279,0.17255,0.054452
logCl_pop,-0.2274,-0.16299,1,0.035299,-0.13572,-0.16869,0.054467
omega_logka,0.15705,-0.065712,0.035299,1,-0.033874,-0.042216,-0.17614
omega_logV,0.066411,0.028279,-0.13572,-0.033874,1,-0.046889,-0.11237
omega_logCl,0.078441,0.17255,-0.16869,-0.042216,-0.046889,1,-0.02154
b,-0.031542,0.054452,0.054467,-0.17614,-0.11237,-0.02154,1
