logka_pop,0.006848,0.0005936,-0.00063035,0.00095472,0.00015888,0.00017211,-2.2278e-5
logV_pop,0.0005936,0.0012772,-0.00019511,-0.00017252,2.9216e-5,0.00016351,1.6609e-5
logCl_pop,-0.00063035,-0.00019511,0.001122,8.6861e-5,-0.00013143,-0.00014982,1.5572e-5
omega_logka,0.00095472,-0.00017252,8.6861e-5,0.0053968,-7.1941e-5,-8.2231e-5,-0.00011044
omega_logV,0.00015888,2.9216e-5,-0.00013143,-7.1941e-5,0.00083574,-3.5941e-5,-2.7726e-5
omega_logCl,0.00017211,0.00016351,-0.00014982,-8.2231e-5,-3.5941e-5,0.00070304,-4.8746e-6
b,-2.2278e-5,1.6609e-5,1.5572e-5,-0.00011044,-2.7726e-5,-4.8746e-6,7.2845e-5
