logka_pop,1,0.14171,-0.13013,-0.16775,-0.0041399,0.01067,0.086959
logV_pop,0.14171,1,-0.11593,-0.17698,-0.047088,0.11236,0.085793
logCl_pop,-0.13013,-0.11593,1,0.063193,-0.092976,-0.15319,0.063194
omega_logka,-0.16775,-0.17698,0.063193,1,0.12043,-0.028668,-0.15861
omega_logV,-0.0041399,-0.047088,-0.092976,0.12043,1,-0.028127,-0.16102
omega_logCl,0.01067,0.11236,-0.15319,-0.028668,-0.028127,1,-0.14515
b,0.086959,0.085793,0.063194,-0.15861,-0.16102,-0.14515,1
