logka_pop,0.0050771,0.00035382,-0.00033299,-0.00087563,-7.938e-6,2.3527e-5,5.3647e-5
logV_pop,0.00035382,0.0012279,-0.00014589,-0.00045432,-4.4401e-5,0.00012185,2.6029e-5
logCl_pop,-0.00033299,-0.00014589,0.0012897,0.00016626,-8.9853e-5,-0.00017025,1.9649e-5
omega_logka,-0.00087563,-0.00045432,0.00016626,0.0053668,0.0002374,-6.4993e-5,-0.0001006
omega_logV,-7.938e-6,-4.4401e-5,-8.9853e-5,0.0002374,0.00072413,-2.3423e-5,-3.7516e-5
omega_logCl,2.3527e-5,0.00012185,-0.00017025,-6.4993e-5,-2.3423e-5,0.00095767,-3.8891e-5
b,5.3647e-5,2.6029e-5,1.9649e-5,-0.0001006,-3.7516e-5,-3.8891e-5,7.4962e-5
