logka_pop,1,0.15312,-0.17723,-0.0044287,0.064488,0.017694,0.040055
logV_pop,0.15312,1,-0.11273,-0.015544,0.044428,0.12507,0.023525
logCl_pop,-0.17723,-0.11273,1,0.052032,-0.1513,-0.12311,0.051887
omega_logka,-0.0044287,-0.015544,0.052032,1,-0.037724,-0.071396,-0.075524
omega_logV,0.064488,0.044428,-0.1513,-0.037724,1,-0.02945,-0.05883
omega_logCl,0.017694,0.12507,-0.12311,-0.071396,-0.02945,1,-0.057492
b,0.040055,0.023525,0.051887,-0.075524,-0.05883,-0.057492,1
