logka_pop,0.0078067,0.0015657,-0.0010537,-0.0052733,-0.0002294,0.00025206,0.00026015
logV_pop,0.0015657,0.0014876,-0.00031497,-0.0012633,-6.8432e-5,0.00013977,6.857e-5
logCl_pop,-0.0010537,-0.00031497,0.0011195,0.00098032,-5.2684e-5,-0.00011899,-2.8486e-5
omega_logka,-0.0052733,-0.0012633,0.00098032,0.0083657,9.0385e-5,-0.00023356,-0.00028701
omega_logV,-0.0002294,-6.8432e-5,-5.2684e-5,9.0385e-5,0.00071669,-2.4386e-5,-3.2927e-5
omega_logCl,0.00025206,0.00013977,-0.00011899,-0.00023356,-2.4386e-5,0.00061694,-1.4859e-5
b,0.00026015,6.857e-5,-2.8486e-5,-0.00028701,-3.2927e-5,-1.4859e-5,7.7996e-5
