logka_pop,1,0.29602,-0.23894,0.029282,0.17515,0.11397,0.024485
logV_pop,0.29602,1,-0.17575,-0.057342,0.20397,0.18463,-0.010285
logCl_pop,-0.23894,-0.17575,1,0.04332,-0.21403,-0.17758,0.068253
omega_logka,0.029282,-0.057342,0.04332,1,-0.090031,0.0042383,-0.10412
omega_logV,0.17515,0.20397,-0.21403,-0.090031,1,0.015945,-0.14732
omega_logCl,0.11397,0.18463,-0.17758,0.0042383,0.015945,1,-0.090181
b,0.024485,-0.010285,0.068253,-0.10412,-0.14732,-0.090181,1
