logka_pop,0.0061029,0.0008013,-0.00068788,0.0001533,0.00044653,0.00025771,1.6952e-5
logV_pop,0.0008013,0.0012006,-0.00022442,-0.00013315,0.00023065,0.00018516,-3.1584e-6
logCl_pop,-0.00068788,-0.00022442,0.0013581,0.00010698,-0.0002574,-0.00018941,2.2291e-5
omega_logka,0.0001533,-0.00013315,0.00010698,0.0044909,-0.00019689,8.2208e-6,-6.1835e-5
omega_logV,0.00044653,0.00023065,-0.0002574,-0.00019689,0.001065,1.5062e-5,-4.2607e-5
omega_logCl,0.00025771,0.00018516,-0.00018941,8.2208e-6,1.5062e-5,0.00083777,-2.3133e-5
b,1.6952e-5,-3.1584e-6,2.2291e-5,-6.1835e-5,-4.2607e-5,-2.3133e-5,7.854e-5
