logka_pop,1,0.26525,-0.13963,0.099846,0.034142,0.037585,0.06573
logV_pop,0.26525,1,-0.14502,-0.084927,0.01002,0.15427,0.087785
logCl_pop,-0.13963,-0.14502,1,0.062547,-0.14955,-0.17176,0.072725
omega_logka,0.099846,-0.084927,0.062547,1,-0.29685,-0.079401,-0.0019994
omega_logV,0.034142,0.01002,-0.14955,-0.29685,1,0.013936,-0.14118
omega_logCl,0.037585,0.15427,-0.17176,-0.079401,0.013936,1,-0.082219
b,0.06573,0.087785,0.072725,-0.0019994,-0.14118,-0.082219,1
