logka_pop,0.0040843,0.00052687,-0.00030564,0.00049701,6.4683e-5,6.2112e-5,3.7526e-5
logV_pop,0.00052687,0.00096601,-0.00015438,-0.0002056,9.2318e-6,0.00012399,2.4374e-5
logCl_pop,-0.00030564,-0.00015438,0.0011732,0.00016686,-0.00015185,-0.00015212,2.2252e-5
omega_logka,0.00049701,-0.0002056,0.00016686,0.0060666,-0.00068541,-0.00015992,-1.3912e-6
omega_logV,6.4683e-5,9.2318e-6,-0.00015185,-0.00068541,0.0008788,1.0683e-5,-3.7387e-5
omega_logCl,6.2112e-5,0.00012399,-0.00015212,-0.00015992,1.0683e-5,0.00066865,-1.8992e-5
b,3.7526e-5,2.4374e-5,2.2252e-5,-1.3912e-6,-3.7387e-5,-1.8992e-5,7.9804e-5
