logka_pop,1,0.21894,-0.17556,0.20277,0.01329,0.094512,-0.0033199
logV_pop,0.21894,1,-0.13581,-0.080952,0.002242,0.15614,0.03321
logCl_pop,-0.17556,-0.13581,1,0.073851,-0.10312,-0.18145,0.063986
omega_logka,0.20277,-0.080952,0.073851,1,-0.058363,-0.10145,-0.077988
omega_logV,0.01329,0.002242,-0.10312,-0.058363,1,-0.032724,-0.085701
omega_logCl,0.094512,0.15614,-0.18145,-0.10145,-0.032724,1,-0.10135
b,-0.0033199,0.03321,0.063986,-0.077988,-0.085701,-0.10135,1
