logka_pop,0.0087321,0.00071535,-0.00054421,0.001551,3.3233e-5,0.00024462,-2.5836e-6
logV_pop,0.00071535,0.0012225,-0.00015752,-0.00023169,2.0977e-6,0.00015121,9.6703e-6
logCl_pop,-0.00054421,-0.00015752,0.0011005,0.00020054,-9.1542e-5,-0.00016673,1.7677e-5
omega_logka,0.001551,-0.00023169,0.00020054,0.0067002,-0.00012784,-0.00023001,-5.3164e-5
omega_logV,3.3233e-5,2.0977e-6,-9.1542e-5,-0.00012784,0.00071604,-2.4254e-5,-1.9098e-5
omega_logCl,0.00024462,0.00015121,-0.00016673,-0.00023001,-2.4254e-5,0.00076719,-2.3378e-5
b,-2.5836e-6,9.6703e-6,1.7677e-5,-5.3164e-5,-1.9098e-5,-2.3378e-5,6.9356e-5
