logka_pop,0.041303,0.00061517,-0.0021082,0.034313,0.0012412,-0.00066872,-0.00019614
logV_pop,0.00061517,0.001484,-0.00020663,-0.00016448,1.7698e-5,0.00010218,1.3829e-5
logCl_pop,-0.0021082,-0.00020663,0.0011105,-0.0013165,-0.00019437,-0.00010545,2.1259e-5
omega_logka,0.034313,-0.00016448,-0.0013165,0.045848,0.0012265,-0.00093708,-0.00035547
omega_logV,0.0012412,1.7698e-5,-0.00019437,0.0012265,0.00091501,-5.3969e-5,-2.9397e-5
omega_logCl,-0.00066872,0.00010218,-0.00010545,-0.00093708,-5.3969e-5,0.00064135,-1.0366e-5
b,-0.00019614,1.3829e-5,2.1259e-5,-0.00035547,-2.9397e-5,-1.0366e-5,6.7712e-5
