logka_pop,1,0.19256,-0.14971,0.0063203,-0.025658,0.0071694,0.07236
logV_pop,0.19256,1,-0.15649,-0.14423,0.078273,0.093763,0.081207
logCl_pop,-0.14971,-0.15649,1,0.097789,-0.14954,-0.13693,0.026431
omega_logka,0.0063203,-0.14423,0.097789,1,-0.108,-0.031855,-0.11432
omega_logV,-0.025658,0.078273,-0.14954,-0.108,1,-0.01624,-0.14406
omega_logCl,0.0071694,0.093763,-0.13693,-0.031855,-0.01624,1,-0.088875
b,0.07236,0.081207,0.026431,-0.11432,-0.14406,-0.088875,1
