logka_pop,0.0050591,0.00043222,-0.00038124,3.7763e-5,-4.9703e-5,1.4078e-5,4.3505e-5
logV_pop,0.00043222,0.00099585,-0.00017681,-0.00038234,6.7271e-5,8.1684e-5,2.1662e-5
logCl_pop,-0.00038124,-0.00017681,0.0012818,0.0002941,-0.00014582,-0.00013534,7.9989e-6
omega_logka,3.7763e-5,-0.00038234,0.0002941,0.0070565,-0.00024707,-7.3873e-5,-8.1172e-5
omega_logV,-4.9703e-5,6.7271e-5,-0.00014582,-0.00024707,0.00074172,-1.221e-5,-3.3165e-5
omega_logCl,1.4078e-5,8.1684e-5,-0.00013534,-7.3873e-5,-1.221e-5,0.00076212,-2.0739e-5
b,4.3505e-5,2.1662e-5,7.9989e-6,-8.1172e-5,-3.3165e-5,-2.0739e-5,7.1451e-5
