logka_pop,1,0.14846,-0.15531,0.61165,-0.04479,0.037704,-0.0084545
logV_pop,0.14846,1,-0.13573,-0.03292,-0.016178,0.15473,0.075461
logCl_pop,-0.15531,-0.13573,1,0.009729,-0.12293,-0.13231,0.005619
omega_logka,0.61165,-0.03292,0.009729,1,-0.1088,-0.065291,-0.12961
omega_logV,-0.04479,-0.016178,-0.12293,-0.1088,1,-0.052081,-0.07699
omega_logCl,0.037704,0.15473,-0.13231,-0.065291,-0.052081,1,-0.037832
b,-0.0084545,0.075461,0.005619,-0.12961,-0.07699,-0.037832,1
