logka_pop,0.010728,0.00053874,-0.00054334,0.0074403,-0.00013965,0.000104,-7.1394e-6
logV_pop,0.00053874,0.0012275,-0.00016063,-0.00013546,-1.7063e-5,0.00014438,2.1555e-5
logCl_pop,-0.00054334,-0.00016063,0.0011409,3.8594e-5,-0.00012499,-0.00011902,1.5473e-6
omega_logka,0.0074403,-0.00013546,3.8594e-5,0.013793,-0.00038464,-0.00020422,-0.00012411
omega_logV,-0.00013965,-1.7063e-5,-0.00012499,-0.00038464,0.00090618,-4.1753e-5,-1.8895e-5
omega_logCl,0.000104,0.00014438,-0.00011902,-0.00020422,-4.1753e-5,0.00070926,-8.2143e-6
b,-7.1394e-6,2.1555e-5,1.5473e-6,-0.00012411,-1.8895e-5,-8.2143e-6,6.6471e-5
