logV_pop,1,-0.018759,-0.020192,-0.0034742,0.01202,-0.0013437,0.036013
logVm_pop,-0.018759,1,0.36773,0.0018939,-0.14501,0.2071,0.0073823
logKm_pop,-0.020192,0.36773,1,0.0061355,-0.16224,0.30066,-0.011464
omega_logV,-0.0034742,0.0018939,0.0061355,1,-0.0061669,0.00053571,0.00053708
omega_logVm,0.01202,-0.14501,-0.16224,-0.0061669,1,-0.20484,-0.0040372
omega_logKm,-0.0013437,0.2071,0.30066,0.00053571,-0.20484,1,-0.019639
b,0.036013,0.0073823,-0.011464,0.00053708,-0.0040372,-0.019639,1
