logV_pop,0.00076701,-1.7006e-5,-2.6198e-5,-1.9124e-6,8.6997e-6,-1.3258e-6,3.1831e-6
logVm_pop,-1.7006e-5,0.0010716,0.00056394,1.2322e-6,-0.00012405,0.00024154,7.7123e-7
logKm_pop,-2.6198e-5,0.00056394,0.0021948,5.713e-6,-0.00019863,0.00050185,-1.714e-6
omega_logV,-1.9124e-6,1.2322e-6,5.713e-6,0.00039504,-3.2031e-6,3.7936e-7,3.4068e-8
omega_logVm,8.6997e-6,-0.00012405,-0.00019863,-3.2031e-6,0.00068293,-0.00019072,-3.367e-7
omega_logKm,-1.3258e-6,0.00024154,0.00050185,3.7936e-7,-0.00019072,0.0012694,-2.233e-6
b,3.1831e-6,7.7123e-7,-1.714e-6,3.4068e-8,-3.367e-7,-2.233e-6,1.0185e-5
