logka_pop,1,0.20632,-0.16107,0.21086,-0.018705,0.021929,0.076142
logV_pop,0.20632,1,-0.15552,-0.018878,-0.018777,0.11108,0.10451
logCl_pop,-0.16107,-0.15552,1,0.01469,-0.088893,-0.14492,0.012666
omega_logka,0.21086,-0.018878,0.01469,1,-0.16063,0.0011459,-0.067426
omega_logV,-0.018705,-0.018777,-0.088893,-0.16063,1,-0.058508,-0.10304
omega_logCl,0.021929,0.11108,-0.14492,0.0011459,-0.058508,1,-0.081885
b,0.076142,0.10451,0.012666,-0.067426,-0.10304,-0.081885,1
