logka_pop,0.0061985,0.00054805,-0.00047557,0.0012187,-4.2368e-5,5.2546e-5,5.3024e-5
logV_pop,0.00054805,0.0011383,-0.00019677,-4.6756e-5,-1.8226e-5,0.00011407,3.119e-5
logCl_pop,-0.00047557,-0.00019677,0.0014063,4.044e-5,-9.5906e-5,-0.0001654,4.2011e-6
omega_logka,0.0012187,-4.6756e-5,4.044e-5,0.0053889,-0.00033924,2.5601e-6,-4.378e-5
omega_logV,-4.2368e-5,-1.8226e-5,-9.5906e-5,-0.00033924,0.00082771,-5.1231e-5,-2.6221e-5
omega_logCl,5.2546e-5,0.00011407,-0.0001654,2.5601e-6,-5.1231e-5,0.0009263,-2.2043e-5
b,5.3024e-5,3.119e-5,4.2011e-6,-4.378e-5,-2.6221e-5,-2.2043e-5,7.8235e-5
