logka_pop,1,0.29736,-0.23982,-0.2626,0.069027,0.12759,0.13204
logV_pop,0.29736,1,-0.18564,-0.2326,0.092373,0.183,0.084625
logCl_pop,-0.23982,-0.18564,1,0.17956,-0.13231,-0.19093,0.01051
omega_logka,-0.2626,-0.2326,0.17956,1,-0.05629,-0.15426,-0.13409
omega_logV,0.069027,0.092373,-0.13231,-0.05629,1,-0.0073855,-0.087403
omega_logCl,0.12759,0.183,-0.19093,-0.15426,-0.0073855,1,-0.052896
b,0.13204,0.084625,0.01051,-0.13409,-0.087403,-0.052896,1
