logka_pop,0.0061569,0.0008382,-0.00056261,-0.002002,0.00015036,0.0002433,8.3173e-5
logV_pop,0.0008382,0.0012905,-0.00019938,-0.00081184,9.2121e-5,0.00015976,2.4404e-5
logCl_pop,-0.00056261,-0.00019938,0.00089385,0.0005216,-0.00010981,-0.00013873,2.5225e-6
omega_logka,-0.002002,-0.00081184,0.0005216,0.0094402,-0.00015183,-0.00036424,-0.00010459
omega_logV,0.00015036,9.2121e-5,-0.00010981,-0.00015183,0.00077067,-4.9826e-6,-1.9478e-5
omega_logCl,0.0002433,0.00015976,-0.00013873,-0.00036424,-4.9826e-6,0.00059059,-1.0319e-5
b,8.3173e-5,2.4404e-5,2.5225e-6,-0.00010459,-1.9478e-5,-1.0319e-5,6.4443e-5
