logka_pop,1,0.19877,-0.1844,0.088997,-0.019921,0.044765,0.075707
logV_pop,0.19877,1,-0.12872,-0.068306,0.021271,0.10716,0.057792
logCl_pop,-0.1844,-0.12872,1,0.071388,-0.12878,-0.1271,0.031261
omega_logka,0.088997,-0.068306,0.071388,1,0.031411,-0.073747,-0.18443
omega_logV,-0.019921,0.021271,-0.12878,0.031411,1,-0.031012,-0.1401
omega_logCl,0.044765,0.10716,-0.1271,-0.073747,-0.031012,1,-0.075831
b,0.075707,0.057792,0.031261,-0.18443,-0.1401,-0.075831,1
