logka_pop,0.0077134,0.00076447,-0.00054282,0.00049294,4.3262e-6,0.00024887,3.4457e-5
logV_pop,0.00076447,0.0015587,-0.00017986,-0.00025982,-1.9546e-5,0.00013905,2.0423e-5
logCl_pop,-0.00054282,-0.00017986,0.0010513,0.00015794,-0.00017725,-0.00011293,1.3838e-5
omega_logka,0.00049294,-0.00025982,0.00015794,0.008374,0.00025409,-0.00012214,-0.0001217
omega_logV,4.3262e-6,-1.9546e-5,-0.00017725,0.00025409,0.0011064,-9.2436e-5,-4.9788e-5
omega_logCl,0.00024887,0.00013905,-0.00011293,-0.00012214,-9.2436e-5,0.00063677,-8.0596e-6
b,3.4457e-5,2.0423e-5,1.3838e-5,-0.0001217,-4.9788e-5,-8.0596e-6,7.2332e-5
