logka_pop,1,0.13569,-0.26149,0.86028,0.3524,-0.34824,-0.34297
logV_pop,0.13569,1,-0.1856,0.031333,0.059628,0.11009,0.050698
logCl_pop,-0.26149,-0.1856,1,-0.1721,-0.18185,-0.087255,0.10453
omega_logka,0.86028,0.031333,-0.1721,1,0.38809,-0.43854,-0.4407
omega_logV,0.3524,0.059628,-0.18185,0.38809,1,-0.19428,-0.22916
omega_logCl,-0.34824,0.11009,-0.087255,-0.43854,-0.19428,1,0.125
b,-0.34297,0.050698,0.10453,-0.4407,-0.22916,0.125,1
