logka_pop,1,0.26764,-0.21133,-0.46978,-0.087539,0.099593,0.15671
logV_pop,0.26764,1,-0.13039,-0.20584,-0.0032947,0.16986,0.070653
logCl_pop,-0.21133,-0.13039,1,0.16416,-0.094122,-0.16035,0.044391
omega_logka,-0.46978,-0.20584,0.16416,1,0.078178,-0.085593,-0.2561
omega_logV,-0.087539,-0.0032947,-0.094122,0.078178,1,-0.019327,-0.1377
omega_logCl,0.099593,0.16986,-0.16035,-0.085593,-0.019327,1,-0.073805
b,0.15671,0.070653,0.044391,-0.2561,-0.1377,-0.073805,1
