logka_pop,0.012231,0.0011113,-0.0007881,0.0031657,-9.0939e-5,0.00013816,0.00010357
logV_pop,0.0011113,0.0012895,-0.00024516,-6.0382e-6,7.5561e-5,0.00011161,1.9093e-5
logCl_pop,-0.0007881,-0.00024516,0.0010777,0.00032283,-0.00017592,-0.00015424,2.2979e-5
omega_logka,0.0031657,-6.0382e-6,0.00032283,0.0091817,-0.00064111,-0.00013836,5.1114e-5
omega_logV,-9.0939e-5,7.5561e-5,-0.00017592,-0.00064111,0.00088524,-2.43e-5,-4.3967e-5
omega_logCl,0.00013816,0.00011161,-0.00015424,-0.00013836,-2.43e-5,0.00061582,-1.9883e-5
b,0.00010357,1.9093e-5,2.2979e-5,5.1114e-5,-4.3967e-5,-1.9883e-5,8.2428e-5
