logka_pop,0.013016,0.00049329,-0.00076171,0.0023474,0.00010891,-7.8379e-5,5.5333e-5
logV_pop,0.00049329,0.0013118,-0.00019722,-0.00041876,-0.00011492,0.00012838,3.5471e-5
logCl_pop,-0.00076171,-0.00019722,0.00098784,0.00013975,-0.0001009,-0.00012654,1.2569e-5
omega_logka,0.0023474,-0.00041876,0.00013975,0.0078447,0.00014172,-0.00015224,-7.1793e-5
omega_logV,0.00010891,-0.00011492,-0.0001009,0.00014172,0.0010264,-9.3447e-5,-5.5462e-5
omega_logCl,-7.8379e-5,0.00012838,-0.00012654,-0.00015224,-9.3447e-5,0.00067218,-2.2569e-5
b,5.5333e-5,3.5471e-5,1.2569e-5,-7.1793e-5,-5.5462e-5,-2.2569e-5,8.799e-5
