logka_pop,1,0.1732,-0.1346,0.22423,-0.047022,0.082941,0.049955
logV_pop,0.1732,1,-0.10578,-0.049015,-0.11526,0.16704,0.085631
logCl_pop,-0.1346,-0.10578,1,0.046312,-0.113,-0.12888,0.065038
omega_logka,0.22423,-0.049015,0.046312,1,-0.049904,-0.018953,-0.044516
omega_logV,-0.047022,-0.11526,-0.113,-0.049904,1,-0.11951,-0.12637
omega_logCl,0.082941,0.16704,-0.12888,-0.018953,-0.11951,1,-0.037617
b,0.049955,0.085631,0.065038,-0.044516,-0.12637,-0.037617,1
