logka_pop,0.0077476,0.00050767,-0.00037665,0.0017958,-0.00012176,0.00017761,3.5749e-5
logV_pop,0.00050767,0.0011089,-0.00011199,-0.00014851,-0.00011291,0.00013532,2.3184e-5
logCl_pop,-0.00037665,-0.00011199,0.0010108,0.00013397,-0.00010569,-9.9683e-5,1.6811e-5
omega_logka,0.0017958,-0.00014851,0.00013397,0.008279,-0.00013358,-4.1953e-5,-3.2931e-5
omega_logV,-0.00012176,-0.00011291,-0.00010569,-0.00013358,0.0008654,-8.5528e-5,-3.0225e-5
omega_logCl,0.00017761,0.00013532,-9.9683e-5,-4.1953e-5,-8.5528e-5,0.00059186,-7.4404e-6
b,3.5749e-5,2.3184e-5,1.6811e-5,-3.2931e-5,-3.0225e-5,-7.4404e-6,6.6102e-5
