logka_pop,0.007388,0.0010475,-0.00079049,-0.00078736,-0.00015064,0.00041315,5.0662e-5
logV_pop,0.0010475,0.0013088,-0.00026853,-0.00047107,-4.4517e-5,0.00023498,2.09e-5
logCl_pop,-0.00079049,-0.00026853,0.0015083,0.0002801,-0.00011276,-0.00025733,1.9293e-5
omega_logka,-0.00078736,-0.00047107,0.0002801,0.0085099,-0.00017614,-0.00016523,-0.00011975
omega_logV,-0.00015064,-4.4517e-5,-0.00011276,-0.00017614,0.00085656,-3.1275e-7,-3.3147e-5
omega_logCl,0.00041315,0.00023498,-0.00025733,-0.00016523,-3.1275e-7,0.00097235,-3.1735e-5
b,5.0662e-5,2.09e-5,1.9293e-5,-0.00011975,-3.3147e-5,-3.1735e-5,7.9241e-5
