logV_pop,1,-0.028409,0.10715,0.024943,-0.014503,0.09183,0.019781
logVm_pop,-0.028409,1,0.3321,-0.009598,-0.19089,0.20973,-0.027013
logKm_pop,0.10715,0.3321,1,0.0028395,-0.096845,0.32858,-0.06297
omega_logV,0.024943,-0.009598,0.0028395,1,-0.047789,-0.038665,-0.00087773
omega_logVm,-0.014503,-0.19089,-0.096845,-0.047789,1,-0.095654,-0.0017431
omega_logKm,0.09183,0.20973,0.32858,-0.038665,-0.095654,1,-0.061125
b,0.019781,-0.027013,-0.06297,-0.00087773,-0.0017431,-0.061125,1
