logV_pop,0.00077861,-2.3477e-5,0.00031023,1.407e-5,-9.0439e-6,0.00022823,1.2768e-6
logVm_pop,-2.3477e-5,0.00087712,0.0010205,-5.7462e-6,-0.00012635,0.00055326,-1.8506e-6
logKm_pop,0.00031023,0.0010205,0.010766,5.9559e-6,-0.00022457,0.0030367,-1.5114e-5
omega_logV,1.407e-5,-5.7462e-6,5.9559e-6,0.00040864,-2.159e-5,-6.9618e-5,-4.1044e-8
omega_logVm,-9.0439e-6,-0.00012635,-0.00022457,-2.159e-5,0.00049945,-0.00019041,-9.0114e-8
omega_logKm,0.00022823,0.00055326,0.0030367,-6.9618e-5,-0.00019041,0.0079338,-1.2594e-5
b,1.2768e-6,-1.8506e-6,-1.5114e-5,-4.1044e-8,-9.0114e-8,-1.2594e-5,5.3511e-6
