logka_pop,1,0.26989,-0.24725,-0.067002,0.0314,0.10577,0.014428
logV_pop,0.26989,1,-0.19044,0.0028344,0.062575,0.14893,0.024254
logCl_pop,-0.24725,-0.19044,1,0.015184,-0.13759,-0.16712,0.078495
omega_logka,-0.067002,0.0028344,0.015184,1,-0.031643,0.043646,-0.098267
omega_logV,0.0314,0.062575,-0.13759,-0.031643,1,-0.064176,-0.15287
omega_logCl,0.10577,0.14893,-0.16712,0.043646,-0.064176,1,-0.072044
b,0.014428,0.024254,0.078495,-0.098267,-0.15287,-0.072044,1
