logka_pop,0.0045037,0.00063514,-0.00055562,-0.00026445,6.4153e-5,0.0001965,8.3513e-6
logV_pop,0.00063514,0.0012297,-0.00022362,5.8456e-6,6.6803e-5,0.00014459,7.336e-6
logCl_pop,-0.00055562,-0.00022362,0.0011213,2.9903e-5,-0.00014027,-0.00015493,2.2671e-5
omega_logka,-0.00026445,5.8456e-6,2.9903e-5,0.003459,-5.6659e-5,7.1065e-5,-4.9849e-5
omega_logV,6.4153e-5,6.6803e-5,-0.00014027,-5.6659e-5,0.00092686,-5.4091e-5,-4.0143e-5
omega_logCl,0.0001965,0.00014459,-0.00015493,7.1065e-5,-5.4091e-5,0.00076645,-1.7204e-5
b,8.3513e-6,7.336e-6,2.2671e-5,-4.9849e-5,-4.0143e-5,-1.7204e-5,7.4396e-5
