logka_pop,1,0.24159,-0.28164,0.048936,0.058665,0.086948,0.076718
logV_pop,0.24159,1,-0.21322,-0.20331,0.011677,0.20728,0.058454
logCl_pop,-0.28164,-0.21322,1,0.15707,-0.16649,-0.21899,0.05946
omega_logka,0.048936,-0.20331,0.15707,1,-0.11968,-0.13277,-0.035798
omega_logV,0.058665,0.011677,-0.16649,-0.11968,1,0.043586,-0.14264
omega_logCl,0.086948,0.20728,-0.21899,-0.13277,0.043586,1,-0.10602
b,0.076718,0.058454,0.05946,-0.035798,-0.14264,-0.10602,1
