logka_pop,1,-0.26216,-0.29152,0.96023,0.52275,-0.38287,-0.11862
logV_pop,-0.26216,1,-0.020067,-0.30436,-0.16958,0.22433,0.10009
logCl_pop,-0.29152,-0.020067,1,-0.25218,-0.2553,-0.046641,0.090442
omega_logka,0.96023,-0.30436,-0.25218,1,0.51216,-0.41321,-0.11385
omega_logV,0.52275,-0.16958,-0.2553,0.51216,1,-0.21032,-0.18862
omega_logCl,-0.38287,0.22433,-0.046641,-0.41321,-0.21032,1,-0.019402
b,-0.11862,0.10009,0.090442,-0.11385,-0.18862,-0.019402,1
