logka_pop,0.078884,-0.0028666,-0.0032939,0.15315,0.0056887,-0.003624,-0.00029409
logV_pop,-0.0028666,0.0015157,-3.1428e-5,-0.0067287,-0.0002558,0.00029433,3.4398e-5
logCl_pop,-0.0032939,-3.1428e-5,0.0016184,-0.0057609,-0.00039794,-6.3233e-5,3.2118e-5
omega_logka,0.15315,-0.0067287,-0.0057609,0.32246,0.011269,-0.0079077,-0.00057069
omega_logV,0.0056887,-0.0002558,-0.00039794,0.011269,0.0015013,-0.00027463,-6.4514e-5
omega_logCl,-0.003624,0.00029433,-6.3233e-5,-0.0079077,-0.00027463,0.0011357,-5.772e-6
b,-0.00029409,3.4398e-5,3.2118e-5,-0.00057069,-6.4514e-5,-5.772e-6,7.7923e-5
