logV1_pop,1,-0.10343,-0.034172,-0.018651,-0.0019604,0.00067427,-0.032293,0.034846,-0.0011331,-0.0012082,0.023554
logQ_pop,-0.10343,1,-0.076759,0.1066,-0.010116,0.0075109,0.11835,-0.068731,-0.0033449,0.010237,-0.0067326
logV2_pop,-0.034172,-0.076759,1,-0.20648,-0.094049,-0.011213,0.082314,-0.08566,0.051895,0.018173,0.01624
logVm_pop,-0.018651,0.1066,-0.20648,1,0.27669,-0.0071296,-0.02643,-0.035823,-0.10911,0.10686,0.011554
logKm_pop,-0.0019604,-0.010116,-0.094049,0.27669,1,-0.010429,-0.040492,0.010044,-0.069927,0.13542,0.0056075
omega_logV1,0.00067427,0.0075109,-0.011213,-0.0071296,-0.010429,1,-0.011154,0.006696,-0.00012709,0.008607,-0.0079326
omega_logQ,-0.032293,0.11835,0.082314,-0.02643,-0.040492,-0.011154,1,-0.10142,0.10906,-0.084136,-0.057457
omega_logV2,0.034846,-0.068731,-0.08566,-0.035823,0.010044,0.006696,-0.10142,1,-0.055829,-0.028214,-0.034564
omega_logVm,-0.0011331,-0.0033449,0.051895,-0.10911,-0.069927,-0.00012709,0.10906,-0.055829,1,-0.11572,-0.027744
omega_logKm,-0.0012082,0.010237,0.018173,0.10686,0.13542,0.008607,-0.084136,-0.028214,-0.11572,1,-0.0037675
b,0.023554,-0.0067326,0.01624,0.011554,0.0056075,-0.0079326,-0.057457,-0.034564,-0.027744,-0.0037675,1
