logka_pop,1,0.24012,-0.12502,0.046569,-0.053048,0.042845,0.10972
logV_pop,0.24012,1,-0.092289,-0.053463,-0.078778,0.13259,0.11413
logCl_pop,-0.12502,-0.092289,1,-0.010464,-0.081767,-0.15076,0.060846
omega_logka,0.046569,-0.053463,-0.010464,1,-0.027096,0.050052,-0.19797
omega_logV,-0.053048,-0.078778,-0.081767,-0.027096,1,-0.052885,-0.12474
omega_logCl,0.042845,0.13259,-0.15076,0.050052,-0.052885,1,-0.085451
b,0.10972,0.11413,0.060846,-0.19797,-0.12474,-0.085451,1
