logka_pop,1,0.36131,-0.29575,-0.30704,-0.023795,0.097131,0.14019
logV_pop,0.36131,1,-0.22171,-0.3258,0.022563,0.14259,0.12227
logCl_pop,-0.29575,-0.22171,1,0.28546,-0.11142,-0.1571,-0.034567
omega_logka,-0.30704,-0.3258,0.28546,1,0.05204,-0.18756,-0.24425
omega_logV,-0.023795,0.022563,-0.11142,0.05204,1,-0.00024242,-0.14427
omega_logCl,0.097131,0.14259,-0.1571,-0.18756,-0.00024242,1,-0.070917
b,0.14019,0.12227,-0.034567,-0.24425,-0.14427,-0.070917,1
