logka_pop,1,0.22949,-0.23492,-0.010951,0.17233,0.067483,-0.042011
logV_pop,0.22949,1,-0.16299,-0.12088,0.045982,0.15681,0.051988
logCl_pop,-0.23492,-0.16299,1,0.027019,-0.18229,-0.18244,0.096244
omega_logka,-0.010951,-0.12088,0.027019,1,0.038946,-0.022018,-0.14596
omega_logV,0.17233,0.045982,-0.18229,0.038946,1,0.032886,-0.23159
omega_logCl,0.067483,0.15681,-0.18244,-0.022018,0.032886,1,-0.083611
b,-0.042011,0.051988,0.096244,-0.14596,-0.23159,-0.083611,1
