logka_pop,0.0062764,0.00059329,-0.00059195,-7.2336e-5,0.00038362,0.00013162,-2.8799e-5
logV_pop,0.00059329,0.0010649,-0.00016917,-0.0003289,4.2163e-5,0.00012598,1.468e-5
logCl_pop,-0.00059195,-0.00016917,0.0010116,7.1652e-5,-0.00016291,-0.00014285,2.6487e-5
omega_logka,-7.2336e-5,-0.0003289,7.1652e-5,0.0069521,9.1246e-5,-4.5196e-5,-0.0001053
omega_logV,0.00038362,4.2163e-5,-0.00016291,9.1246e-5,0.00078955,2.275e-5,-5.6308e-5
omega_logCl,0.00013162,0.00012598,-0.00014285,-4.5196e-5,2.275e-5,0.00060611,-1.7811e-5
b,-2.8799e-5,1.468e-5,2.6487e-5,-0.0001053,-5.6308e-5,-1.7811e-5,7.487e-5
