logka_pop,0.0069235,0.00053972,-0.00041377,0.0014768,-7.2942e-5,1.4578e-5,4.1403e-5
logV_pop,0.00053972,0.0012359,-0.00015384,0.00014565,1.488e-5,9.7639e-5,1.9738e-5
logCl_pop,-0.00041377,-0.00015384,0.00090586,0.00014099,-0.00010909,-9.0246e-5,1.3316e-5
omega_logka,0.0014768,0.00014565,0.00014099,0.0087429,-0.00034841,-3.9561e-5,6.9847e-6
omega_logV,-7.2942e-5,1.488e-5,-0.00010909,-0.00034841,0.00081492,3.8276e-5,-3.5891e-5
omega_logCl,1.4578e-5,9.7639e-5,-9.0246e-5,-3.9561e-5,3.8276e-5,0.00062817,-2.801e-5
b,4.1403e-5,1.9738e-5,1.3316e-5,6.9847e-6,-3.5891e-5,-2.801e-5,7.7637e-5
