logka_pop,1,0.10649,-0.17592,0.55539,-0.10148,0.0084449,0.0078501
logV_pop,0.10649,1,-0.11514,-0.12295,-0.032856,0.16652,0.10368
logCl_pop,-0.17592,-0.11514,1,0.028946,-0.12512,-0.13464,0.043921
omega_logka,0.55539,-0.12295,0.028946,1,-0.10325,-0.12068,-0.11863
omega_logV,-0.10148,-0.032856,-0.12512,-0.10325,1,0.01283,-0.11934
omega_logCl,0.0084449,0.16652,-0.13464,-0.12068,0.01283,1,-0.057225
b,0.0078501,0.10368,0.043921,-0.11863,-0.11934,-0.057225,1
