logka_pop,0.017394,0.00051113,-0.00074388,0.010561,-0.00038363,2.704e-5,9.2931e-6
logV_pop,0.00051113,0.0013246,-0.00013435,-0.00064519,-3.4276e-5,0.00014713,3.3871e-5
logCl_pop,-0.00074388,-0.00013435,0.001028,0.00013382,-0.00011499,-0.0001048,1.2641e-5
omega_logka,0.010561,-0.00064519,0.00013382,0.02079,-0.00042672,-0.00042247,-0.00015354
omega_logV,-0.00038363,-3.4276e-5,-0.00011499,-0.00042672,0.00082162,8.9285e-6,-3.0704e-5
omega_logCl,2.704e-5,0.00014713,-0.0001048,-0.00042247,8.9285e-6,0.00058943,-1.2471e-5
b,9.2931e-6,3.3871e-5,1.2641e-5,-0.00015354,-3.0704e-5,-1.2471e-5,8.0572e-5
