logka_pop,0.010262,0.00062458,-0.00065577,0.0014423,-5.3997e-6,2.6197e-5,0.00011024
logV_pop,0.00062458,0.0010126,-0.00017991,-0.00037798,4.6351e-5,0.0001555,2.6209e-5
logCl_pop,-0.00065577,-0.00017991,0.0013547,0.00028685,-0.00014432,-0.00015872,1.0702e-5
omega_logka,0.0014423,-0.00037798,0.00028685,0.0073995,-0.00033146,-0.00014742,-5.9718e-6
omega_logV,-5.3997e-6,4.6351e-5,-0.00014432,-0.00033146,0.00076942,2.55e-5,-4.3077e-5
omega_logCl,2.6197e-5,0.0001555,-0.00015872,-0.00014742,2.55e-5,0.00082951,-1.2465e-5
b,0.00011024,2.6209e-5,1.0702e-5,-5.9718e-6,-4.3077e-5,-1.2465e-5,7.5628e-5
