logka_pop,1,0.21244,-0.19786,0.073554,-0.0063314,0.075156,0.070315
logV_pop,0.21244,1,-0.13375,-0.087025,0.086353,0.14216,0.041121
logCl_pop,-0.19786,-0.13375,1,0.080311,-0.16932,-0.17615,0.093982
omega_logka,0.073554,-0.087025,0.080311,1,-0.07673,-0.11486,-0.098996
omega_logV,-0.0063314,0.086353,-0.16932,-0.07673,1,-0.0088915,-0.21503
omega_logCl,0.075156,0.14216,-0.17615,-0.11486,-0.0088915,1,-0.11537
b,0.070315,0.041121,0.093982,-0.098996,-0.21503,-0.11537,1
