logka_pop,0.0070249,0.00061843,-0.00049266,0.00045371,-1.6145e-5,0.00015652,5.5502e-5
logV_pop,0.00061843,0.0012064,-0.00013801,-0.00022245,9.1249e-5,0.00012269,1.3451e-5
logCl_pop,-0.00049266,-0.00013801,0.00088258,0.00017559,-0.00015304,-0.00013003,2.6294e-5
omega_logka,0.00045371,-0.00022245,0.00017559,0.0054164,-0.0001718,-0.00021004,-6.8614e-5
omega_logV,-1.6145e-5,9.1249e-5,-0.00015304,-0.0001718,0.00092561,-6.7215e-6,-6.1612e-5
omega_logCl,0.00015652,0.00012269,-0.00013003,-0.00021004,-6.7215e-6,0.00061739,-2.6996e-5
b,5.5502e-5,1.3451e-5,2.6294e-5,-6.8614e-5,-6.1612e-5,-2.6996e-5,8.8692e-5
