logka_pop,1,0.23938,-0.2654,0.27598,0.089656,0.040864,0.0053542
logV_pop,0.23938,1,-0.17211,0.012064,-0.048344,0.091173,0.083152
logCl_pop,-0.2654,-0.17211,1,-0.020395,-0.13824,-0.13739,0.046458
omega_logka,0.27598,0.012064,-0.020395,1,0.13588,-0.097307,-0.18802
omega_logV,0.089656,-0.048344,-0.13824,0.13588,1,-0.086061,-0.143
omega_logCl,0.040864,0.091173,-0.13739,-0.097307,-0.086061,1,-0.10823
b,0.0053542,0.083152,0.046458,-0.18802,-0.143,-0.10823,1
