logka_pop,0.013632,0.0010552,-0.0010824,0.0035902,0.00033371,0.00013253,5.4163e-6
logV_pop,0.0010552,0.0014255,-0.00022699,5.0749e-5,-5.8188e-5,9.5619e-5,2.7201e-5
logCl_pop,-0.0010824,-0.00022699,0.0012202,-7.9381e-5,-0.00015394,-0.00013331,1.4061e-5
omega_logka,0.0035902,5.0749e-5,-7.9381e-5,0.012415,0.00048267,-0.00030118,-0.00018152
omega_logV,0.00033371,-5.8188e-5,-0.00015394,0.00048267,0.0010163,-7.6212e-5,-3.9499e-5
omega_logCl,0.00013253,9.5619e-5,-0.00013331,-0.00030118,-7.6212e-5,0.00077162,-2.6048e-5
b,5.4163e-6,2.7201e-5,1.4061e-5,-0.00018152,-3.9499e-5,-2.6048e-5,7.5071e-5
