logka_pop,1,0.22801,-0.1642,-0.029183,0.023634,0.065239,0.014422
logV_pop,0.22801,1,-0.14156,-0.10085,-0.019062,0.13104,0.073231
logCl_pop,-0.1642,-0.14156,1,0.055142,-0.12772,-0.16802,0.084116
omega_logka,-0.029183,-0.10085,0.055142,1,0.00070327,-0.037398,-0.084787
omega_logV,0.023634,-0.019062,-0.12772,0.00070327,1,-0.09148,-0.11518
omega_logCl,0.065239,0.13104,-0.16802,-0.037398,-0.09148,1,-0.097065
b,0.014422,0.073231,0.084116,-0.084787,-0.11518,-0.097065,1
