logka_pop,1,0.26377,-0.22676,0.018683,0.046557,0.054494,0.09661
logV_pop,0.26377,1,-0.18823,-0.10301,0.10444,0.11554,0.081689
logCl_pop,-0.22676,-0.18823,1,0.022996,-0.15478,-0.20123,0.048001
omega_logka,0.018683,-0.10301,0.022996,1,0.093704,-0.063049,-0.23127
omega_logV,0.046557,0.10444,-0.15478,0.093704,1,0.00067476,-0.177
omega_logCl,0.054494,0.11554,-0.20123,-0.063049,0.00067476,1,-0.098477
b,0.09661,0.081689,0.048001,-0.23127,-0.177,-0.098477,1
