logka_pop,0.0045963,0.00067153,-0.00050275,8.4609e-5,0.00010123,9.9884e-5,6.0502e-5
logV_pop,0.00067153,0.0014101,-0.00023115,-0.0002584,0.00012579,0.0001173,2.8336e-5
logCl_pop,-0.00050275,-0.00023115,0.0010695,5.0236e-5,-0.00016235,-0.00017792,1.45e-5
omega_logka,8.4609e-5,-0.0002584,5.0236e-5,0.0044619,0.00020075,-0.00011386,-0.0001427
omega_logV,0.00010123,0.00012579,-0.00016235,0.00020075,0.0010287,5.851e-7,-5.244e-5
omega_logCl,9.9884e-5,0.0001173,-0.00017792,-0.00011386,5.851e-7,0.00073095,-2.4593e-5
b,6.0502e-5,2.8336e-5,1.45e-5,-0.0001427,-5.244e-5,-2.4593e-5,8.5327e-5
