logka_pop,1,0.20035,-0.1567,0.19385,0.013982,-0.0057802,0.030135
logV_pop,0.20035,1,-0.1199,-0.021159,-0.014555,0.083216,0.088594
logCl_pop,-0.1567,-0.1199,1,-0.049396,-0.14326,-0.084215,0.034779
omega_logka,0.19385,-0.021159,-0.049396,1,0.050423,-0.046092,-0.072447
omega_logV,0.013982,-0.014555,-0.14326,0.050423,1,-0.050273,-0.16253
omega_logCl,-0.0057802,0.083216,-0.084215,-0.046092,-0.050273,1,-0.099479
b,0.030135,0.088594,0.034779,-0.072447,-0.16253,-0.099479,1
