logka_pop,1,0.20552,-0.16573,0.10079,0.082206,0.045745,0.035534
logV_pop,0.20552,1,-0.16857,-0.1372,0.10033,0.18002,0.053531
logCl_pop,-0.16573,-0.16857,1,0.032575,-0.14224,-0.18154,0.058788
omega_logka,0.10079,-0.1372,0.032575,1,-0.1291,-0.019035,-0.096301
omega_logV,0.082206,0.10033,-0.14224,-0.1291,1,0.0012322,-0.11658
omega_logCl,0.045745,0.18002,-0.18154,-0.019035,0.0012322,1,-0.062877
b,0.035534,0.053531,0.058788,-0.096301,-0.11658,-0.062877,1
