logka_pop,0.0066174,0.00053499,-0.00052535,0.00083541,0.00017673,0.00011958,2.4179e-5
logV_pop,0.00053499,0.001024,-0.0002102,-0.00044733,8.4845e-5,0.00018511,1.4328e-5
logCl_pop,-0.00052535,-0.0002102,0.0015184,0.00012933,-0.00014648,-0.00022731,1.9161e-5
omega_logka,0.00083541,-0.00044733,0.00012933,0.010381,-0.00034762,-6.2319e-5,-8.2071e-5
omega_logV,0.00017673,8.4845e-5,-0.00014648,-0.00034762,0.00069841,1.0464e-6,-2.577e-5
omega_logCl,0.00011958,0.00018511,-0.00022731,-6.2319e-5,1.0464e-6,0.0010325,-1.69e-5
b,2.4179e-5,1.4328e-5,1.9161e-5,-8.2071e-5,-2.577e-5,-1.69e-5,6.9965e-5
