logka_pop,1,0.1234,-0.18737,0.16303,0.095176,-0.0078846,-0.012649
logV_pop,0.1234,1,-0.15174,-0.23107,0.068023,0.16636,0.07058
logCl_pop,-0.18737,-0.15174,1,0.10118,-0.13458,-0.15246,0.047152
omega_logka,0.16303,-0.23107,0.10118,1,-0.028624,-0.11799,-0.11271
omega_logV,0.095176,0.068023,-0.13458,-0.028624,1,0.0030601,-0.17632
omega_logCl,-0.0078846,0.16636,-0.15246,-0.11799,0.0030601,1,-0.037836
b,-0.012649,0.07058,0.047152,-0.11271,-0.17632,-0.037836,1
