logka_pop,0.0078665,0.001483,-0.0011265,-0.0037294,0.00032584,0.00017417,0.00011872
logV_pop,0.001483,0.0017151,-0.00038719,-0.0012616,0.00012229,0.00011997,4.5052e-5
logCl_pop,-0.0011265,-0.00038719,0.0012511,0.0010626,-0.00022783,-0.00012578,-1.0779e-5
omega_logka,-0.0037294,-0.0012616,0.0010626,0.0091688,-0.0007407,-0.000212,-0.0001485
omega_logV,0.00032584,0.00012229,-0.00022783,-0.0007407,0.001065,-1.6384e-5,-2.4523e-5
omega_logCl,0.00017417,0.00011997,-0.00012578,-0.000212,-1.6384e-5,0.00071206,-1.785e-5
b,0.00011872,4.5052e-5,-1.0779e-5,-0.0001485,-2.4523e-5,-1.785e-5,7.8285e-5
