logka_pop,1,0.32674,-0.27411,-0.12244,0.10208,0.16234,0.097779
logV_pop,0.32674,1,-0.37781,-0.58121,0.29768,0.38503,0.086446
logCl_pop,-0.27411,-0.37781,1,0.44085,-0.26684,-0.35843,0.010021
omega_logka,-0.12244,-0.58121,0.44085,1,-0.40663,-0.45584,-0.076823
omega_logV,0.10208,0.29768,-0.26684,-0.40663,1,0.20823,-0.10996
omega_logCl,0.16234,0.38503,-0.35843,-0.45584,0.20823,1,-0.041453
b,0.097779,0.086446,0.010021,-0.076823,-0.10996,-0.041453,1
