logka_pop,0.0092841,0.0012508,-0.0010601,-0.0028773,0.00028692,0.00050105,8.2076e-5
logV_pop,0.0012508,0.0015784,-0.00060247,-0.0056317,0.00034498,0.00048998,2.9919e-5
logCl_pop,-0.0010601,-0.00060247,0.0016111,0.0043157,-0.00031242,-0.00046084,3.504e-6
omega_logka,-0.0028773,-0.0056317,0.0043157,0.059486,-0.0028929,-0.0035612,-0.00016323
omega_logV,0.00028692,0.00034498,-0.00031242,-0.0028929,0.00085089,0.00019456,-2.7943e-5
omega_logCl,0.00050105,0.00048998,-0.00046084,-0.0035612,0.00019456,0.001026,-1.1567e-5
b,8.2076e-5,2.9919e-5,3.504e-6,-0.00016323,-2.7943e-5,-1.1567e-5,7.5892e-5
