logka_pop,1,0.18468,-0.18555,0.30281,0.070294,0.047211,4.6539e-5
logV_pop,0.18468,1,-0.14442,-0.037576,-0.030986,0.11871,0.091332
logCl_pop,-0.18555,-0.14442,1,0.00083683,-0.13055,-0.1894,0.07706
omega_logka,0.30281,-0.037576,0.00083683,1,0.024513,-0.10576,-0.092586
omega_logV,0.070294,-0.030986,-0.13055,0.024513,1,-0.062291,-0.11826
omega_logCl,0.047211,0.11871,-0.1894,-0.10576,-0.062291,1,-0.084157
b,4.6539e-5,0.091332,0.07706,-0.092586,-0.11826,-0.084157,1
