logka_pop,0.0063313,0.00049466,-0.00049682,0.0016763,0.0001515,0.00010155,3.2019e-8
logV_pop,0.00049466,0.0011331,-0.0001636,-8.8001e-5,-2.8252e-5,0.00010802,2.6583e-5
logCl_pop,-0.00049682,-0.0001636,0.0011324,1.9592e-6,-0.00011899,-0.0001723,2.2422e-5
omega_logka,0.0016763,-8.8001e-5,1.9592e-6,0.0048403,4.6192e-5,-0.00019891,-5.5696e-5
omega_logV,0.0001515,-2.8252e-5,-0.00011899,4.6192e-5,0.00073363,-4.561e-5,-2.7696e-5
omega_logCl,0.00010155,0.00010802,-0.0001723,-0.00019891,-4.561e-5,0.00073077,-1.9671e-5
b,3.2019e-8,2.6583e-5,2.2422e-5,-5.5696e-5,-2.7696e-5,-1.9671e-5,7.4762e-5
