logka_pop,1,0.13607,-0.18351,0.26768,0.049083,4.8476e-5,0.065451
logV_pop,0.13607,1,-0.19411,-0.16166,0.024272,0.1898,0.03777
logCl_pop,-0.18351,-0.19411,1,0.080929,-0.094772,-0.29077,0.072568
omega_logka,0.26768,-0.16166,0.080929,1,0.12067,-0.17807,-0.11485
omega_logV,0.049083,0.024272,-0.094772,0.12067,1,-0.07646,-0.10644
omega_logCl,4.8476e-5,0.1898,-0.29077,-0.17807,-0.07646,1,-0.07684
b,0.065451,0.03777,0.072568,-0.11485,-0.10644,-0.07684,1
