logka_pop,0.010984,0.00055186,-0.00074332,0.0030871,0.00015222,1.6352e-7,6.0107e-5
logV_pop,0.00055186,0.0014976,-0.00029032,-0.00068841,2.7794e-5,0.00023641,1.2808e-5
logCl_pop,-0.00074332,-0.00029032,0.0014937,0.00034418,-0.00010838,-0.00036169,2.4575e-5
omega_logka,0.0030871,-0.00068841,0.00034418,0.012109,0.00039291,-0.00063069,-0.00011074
omega_logV,0.00015222,2.7794e-5,-0.00010838,0.00039291,0.0008756,-7.2821e-5,-2.7598e-5
omega_logCl,1.6352e-7,0.00023641,-0.00036169,-0.00063069,-7.2821e-5,0.001036,-2.1671e-5
b,6.0107e-5,1.2808e-5,2.4575e-5,-0.00011074,-2.7598e-5,-2.1671e-5,7.6782e-5
