logka_pop,1,0.2527,-0.053095,-0.40299,0.021954,-0.0252,0.041339
logV_pop,0.2527,1,-0.088214,-0.18762,0.0043428,0.088816,0.063861
logCl_pop,-0.053095,-0.088214,1,0.018851,-0.15091,-0.151,0.09862
omega_logka,-0.40299,-0.18762,0.018851,1,0.03983,-0.024343,-0.043488
omega_logV,0.021954,0.0043428,-0.15091,0.03983,1,0.010324,-0.17902
omega_logCl,-0.0252,0.088816,-0.151,-0.024343,0.010324,1,-0.11796
b,0.041339,0.063861,0.09862,-0.043488,-0.17902,-0.11796,1
