logka_pop,0.0037537,0.00058271,-0.00010966,-0.00096361,4.3579e-5,-4.0638e-5,2.2448e-5
logV_pop,0.00058271,0.0014165,-0.00011192,-0.00027559,5.2957e-6,8.7982e-5,2.1302e-5
logCl_pop,-0.00010966,-0.00011192,0.0011364,2.4801e-5,-0.00016483,-0.00013398,2.9466e-5
omega_logka,-0.00096361,-0.00027559,2.4801e-5,0.0015232,5.0363e-5,-2.5006e-5,-1.5043e-5
omega_logV,4.3579e-5,5.2957e-6,-0.00016483,5.0363e-5,0.0010497,8.8037e-6,-5.1408e-5
omega_logCl,-4.0638e-5,8.7982e-5,-0.00013398,-2.5006e-5,8.8037e-6,0.00069276,-2.7518e-5
b,2.2448e-5,2.1302e-5,2.9466e-5,-1.5043e-5,-5.1408e-5,-2.7518e-5,7.8554e-5
