logka_pop,1,0.25815,-0.21709,-0.2099,0.14803,0.049724,0.10778
logV_pop,0.25815,1,-0.17193,-0.17548,0.048605,0.13923,0.13532
logCl_pop,-0.21709,-0.17193,1,0.19597,-0.17441,-0.17234,-0.038757
omega_logka,-0.2099,-0.17548,0.19597,1,-0.35203,-0.070787,-0.45583
omega_logV,0.14803,0.048605,-0.17441,-0.35203,1,-0.054421,0.078566
omega_logCl,0.049724,0.13923,-0.17234,-0.070787,-0.054421,1,-0.037026
b,0.10778,0.13532,-0.038757,-0.45583,0.078566,-0.037026,1
