logka_pop,0.0031628,0.00050403,-0.0004587,-0.0019554,0.00024719,8.7499e-5,6.0546e-5
logV_pop,0.00050403,0.0012053,-0.00022426,-0.0010092,5.0106e-5,0.00015124,4.6926e-5
logCl_pop,-0.0004587,-0.00022426,0.0014115,0.0012196,-0.00019457,-0.00020259,-1.4545e-5
omega_logka,-0.0019554,-0.0010092,0.0012196,0.02744,-0.0017316,-0.0003669,-0.00075425
omega_logV,0.00024719,5.0106e-5,-0.00019457,-0.0017316,0.00088169,-5.0562e-5,2.3303e-5
omega_logCl,8.7499e-5,0.00015124,-0.00020259,-0.0003669,-5.0562e-5,0.00097904,-1.1572e-5
b,6.0546e-5,4.6926e-5,-1.4545e-5,-0.00075425,2.3303e-5,-1.1572e-5,9.9777e-5
