logka_pop,0.0069123,0.00053271,-0.00050783,0.0013507,-4.5164e-5,0.00023123,-1.8756e-5
logV_pop,0.00053271,0.0014428,-0.00015129,-0.00059277,-2.1138e-5,9.8647e-5,2.8585e-5
logCl_pop,-0.00050783,-0.00015129,0.0010692,0.00040608,-0.00010974,-0.00012062,5.2717e-6
omega_logka,0.0013507,-0.00059277,0.00040608,0.018595,-0.00014463,0.0001037,-0.00042095
omega_logV,-4.5164e-5,-2.1138e-5,-0.00010974,-0.00014463,0.00094176,-4.1491e-5,-2.2917e-5
omega_logCl,0.00023123,9.8647e-5,-0.00012062,0.0001037,-4.1491e-5,0.00061742,-1.2159e-5
b,-1.8756e-5,2.8585e-5,5.2717e-6,-0.00042095,-2.2917e-5,-1.2159e-5,6.8911e-5
