logka_pop,1,0.27089,-0.21078,-0.18991,-0.030381,0.1175,0.10529
logV_pop,0.27089,1,-0.21024,-0.1794,-0.069145,0.19614,0.14219
logCl_pop,-0.21078,-0.21024,1,0.09436,-0.12296,-0.20368,0.046834
omega_logka,-0.18991,-0.1794,0.09436,1,0.075516,-0.12769,-0.18712
omega_logV,-0.030381,-0.069145,-0.12296,0.075516,1,-0.083206,-0.25081
omega_logCl,0.1175,0.19614,-0.20368,-0.12769,-0.083206,1,-0.031956
b,0.10529,0.14219,0.046834,-0.18712,-0.25081,-0.031956,1
