logka_pop,0.014519,0.00068962,-0.00093708,0.0047248,6.7066e-5,0.00017665,1.2064e-5
logV_pop,0.00068962,0.0013983,-0.00015992,-0.00019184,6.6088e-5,0.00014045,1.8162e-5
logCl_pop,-0.00093708,-0.00015992,0.0009642,-8.4626e-5,-0.00014086,-0.00012024,2.0268e-5
omega_logka,0.0047248,-0.00019184,-8.4626e-5,0.010854,1.4368e-5,-2.9016e-5,-0.00011909
omega_logV,6.7066e-5,6.6088e-5,-0.00014086,1.4368e-5,0.00091187,-2.9566e-5,-3.6131e-5
omega_logCl,0.00017665,0.00014045,-0.00012024,-2.9016e-5,-2.9566e-5,0.00069443,-2.5389e-5
b,1.2064e-5,1.8162e-5,2.0268e-5,-0.00011909,-3.6131e-5,-2.5389e-5,7.5367e-5
