logka_pop,1,0.22147,-0.21331,-0.099281,-0.0053666,0.10167,0.047715
logV_pop,0.22147,1,-0.1649,-0.14378,0.059301,0.12554,0.029415
logCl_pop,-0.21331,-0.1649,1,0.1634,-0.14726,-0.20041,0.057132
omega_logka,-0.099281,-0.14378,0.1634,1,-0.20545,-0.08738,-0.010456
omega_logV,-0.0053666,0.059301,-0.14726,-0.20545,1,-0.0094473,-0.07662
omega_logCl,0.10167,0.12554,-0.20041,-0.08738,-0.0094473,1,-0.072979
b,0.047715,0.029415,0.057132,-0.010456,-0.07662,-0.072979,1
