logka_pop,0.0041404,0.00055514,-0.0004953,-0.00034112,-1.0866e-5,0.00018522,2.6341e-5
logV_pop,0.00055514,0.0015175,-0.00023179,-0.00029907,7.2686e-5,0.00013846,9.8306e-6
logCl_pop,-0.0004953,-0.00023179,0.0013021,0.00031485,-0.0001672,-0.00020476,1.7687e-5
omega_logka,-0.00034112,-0.00029907,0.00031485,0.0028512,-0.00034519,-0.00013211,-4.7902e-6
omega_logV,-1.0866e-5,7.2686e-5,-0.0001672,-0.00034519,0.00099005,-8.4165e-6,-2.0684e-5
omega_logCl,0.00018522,0.00013846,-0.00020476,-0.00013211,-8.4165e-6,0.00080165,-1.7728e-5
b,2.6341e-5,9.8306e-6,1.7687e-5,-4.7902e-6,-2.0684e-5,-1.7728e-5,7.3606e-5
