logka_pop,0.013944,0.00054849,-0.00065637,0.0041925,0.00015837,-2.214e-5,7.1761e-5
logV_pop,0.00054849,0.0012023,-0.00016589,-0.00026557,0.00013598,8.6134e-5,1.5499e-5
logCl_pop,-0.00065637,-0.00016589,0.0011598,0.00010671,-0.00016782,-0.000107,1.5232e-5
omega_logka,0.0041925,-0.00026557,0.00010671,0.010421,-0.00023603,4.4028e-5,-1.2738e-5
omega_logV,0.00015837,0.00013598,-0.00016782,-0.00023603,0.0010317,-4.6655e-5,-5.2363e-5
omega_logCl,-2.214e-5,8.6134e-5,-0.000107,4.4028e-5,-4.6655e-5,0.00072776,-1.5284e-5
b,7.1761e-5,1.5499e-5,1.5232e-5,-1.2738e-5,-5.2363e-5,-1.5284e-5,7.8108e-5
