logka_pop,1,0.25233,-0.17899,0.16667,-0.059516,0.067522,0.073934
logV_pop,0.25233,1,-0.14017,-0.045236,-0.020552,0.098936,0.082258
logCl_pop,-0.17899,-0.14017,1,0.023304,-0.10739,-0.095098,0.020417
omega_logka,0.16667,-0.045236,0.023304,1,-0.033118,0.016954,-0.14602
omega_logV,-0.059516,-0.020552,-0.10739,-0.033118,1,-0.097974,-0.10666
omega_logCl,0.067522,0.098936,-0.095098,0.016954,-0.097974,1,-0.066644
b,0.073934,0.082258,0.020417,-0.14602,-0.10666,-0.066644,1
