logka_pop,1,0.2299,-0.21243,0.241,-0.015437,0.060678,0.070085
logV_pop,0.2299,1,-0.14139,-0.044462,-0.06154,0.12834,0.096611
logCl_pop,-0.21243,-0.14139,1,0.032336,-0.1423,-0.15098,0.062427
omega_logka,0.241,-0.044462,0.032336,1,-0.058846,-0.047839,-0.053237
omega_logV,-0.015437,-0.06154,-0.1423,-0.058846,1,-0.0024693,-0.192
omega_logCl,0.060678,0.12834,-0.15098,-0.047839,-0.0024693,1,-0.04718
b,0.070085,0.096611,0.062427,-0.053237,-0.192,-0.04718,1
