logka_pop,0.0093105,0.00077412,-0.00067053,0.0019767,-4.4258e-5,0.00014444,5.437e-5
logV_pop,0.00077412,0.0012178,-0.00016141,-0.00013189,-6.3812e-5,0.00011049,2.7106e-5
logCl_pop,-0.00067053,-0.00016141,0.0010701,8.9913e-5,-0.00013831,-0.00012185,1.6418e-5
omega_logka,0.0019767,-0.00013189,8.9913e-5,0.0072252,-0.00014863,-0.00010032,-3.6382e-5
omega_logV,-4.4258e-5,-6.3812e-5,-0.00013831,-0.00014863,0.00088291,-1.8101e-6,-4.5866e-5
omega_logCl,0.00014444,0.00011049,-0.00012185,-0.00010032,-1.8101e-6,0.00060861,-9.3579e-6
b,5.437e-5,2.7106e-5,1.6418e-5,-3.6382e-5,-4.5866e-5,-9.3579e-6,6.4638e-5
