logka_pop,1,0.092858,-0.16729,0.29279,-0.023931,0.024076,0.068678
logV_pop,0.092858,1,-0.079619,-0.081001,-0.10381,0.13046,0.09643
logCl_pop,-0.16729,-0.079619,1,0.001374,-0.097806,-0.12606,0.044927
omega_logka,0.29279,-0.081001,0.001374,1,-0.011146,-0.034457,-0.067954
omega_logV,-0.023931,-0.10381,-0.097806,-0.011146,1,0.0036809,-0.16929
omega_logCl,0.024076,0.13046,-0.12606,-0.034457,0.0036809,1,-0.088461
b,0.068678,0.09643,0.044927,-0.067954,-0.16929,-0.088461,1
