logka_pop,0.015318,0.00039818,-0.00064401,0.0054024,-8.472e-5,7.5273e-5,7.2782e-5
logV_pop,0.00039818,0.0012004,-8.5802e-5,-0.00041839,-0.00010288,0.00011418,2.8607e-5
logCl_pop,-0.00064401,-8.5802e-5,0.00096751,6.3714e-6,-8.7019e-5,-9.9051e-5,1.1966e-5
omega_logka,0.0054024,-0.00041839,6.3714e-6,0.022226,-4.753e-5,-0.00012977,-8.6746e-5
omega_logV,-8.472e-5,-0.00010288,-8.7019e-5,-4.753e-5,0.00081816,2.6597e-6,-4.1463e-5
omega_logCl,7.5273e-5,0.00011418,-9.9051e-5,-0.00012977,2.6597e-6,0.00063815,-1.9134e-5
b,7.2782e-5,2.8607e-5,1.1966e-5,-8.6746e-5,-4.1463e-5,-1.9134e-5,7.3317e-5
