logka_pop,1,0.24882,-0.1665,0.15036,0.073633,0.05634,0.019043
logV_pop,0.24882,1,-0.12202,-0.046782,-0.042589,0.13152,0.10626
logCl_pop,-0.1665,-0.12202,1,0.010486,-0.11365,-0.14902,0.043869
omega_logka,0.15036,-0.046782,0.010486,1,0.092698,-0.068005,-0.15947
omega_logV,0.073633,-0.042589,-0.11365,0.092698,1,-0.041567,-0.13111
omega_logCl,0.05634,0.13152,-0.14902,-0.068005,-0.041567,1,-0.045464
b,0.019043,0.10626,0.043869,-0.15947,-0.13111,-0.045464,1
