logka_pop,0.0063006,0.00053445,-0.00056166,0.00077498,0.0002774,0.00011509,6.5782e-6
logV_pop,0.00053445,0.00097174,-0.00015293,-0.00020299,2.5223e-5,0.0001094,2.6023e-5
logCl_pop,-0.00056166,-0.00015293,0.00095395,2.2748e-5,-0.00012373,-0.00011235,1.3912e-5
omega_logka,0.00077498,-0.00020299,2.2748e-5,0.0043736,0.00012337,-0.00012181,-8.2239e-5
omega_logV,0.0002774,2.5223e-5,-0.00012373,0.00012337,0.00086099,-2.9459e-5,-3.9303e-5
omega_logCl,0.00011509,0.0001094,-0.00011235,-0.00012181,-2.9459e-5,0.00060599,-1.505e-5
b,6.5782e-6,2.6023e-5,1.3912e-5,-8.2239e-5,-3.9303e-5,-1.505e-5,7.4015e-5
