logka_pop,1,0.21964,-0.19282,-0.00858,0.026672,0.046381,0.095265
logV_pop,0.21964,1,-0.13213,-0.054957,-0.075554,0.11507,0.098834
logCl_pop,-0.19282,-0.13213,1,0.088884,-0.12305,-0.16769,0.028617
omega_logka,-0.00858,-0.054957,0.088884,1,-0.054243,-0.11241,-0.063778
omega_logV,0.026672,-0.075554,-0.12305,-0.054243,1,-0.028244,-0.14086
omega_logCl,0.046381,0.11507,-0.16769,-0.11241,-0.028244,1,-0.065215
b,0.095265,0.098834,0.028617,-0.063778,-0.14086,-0.065215,1
