logka_pop,0.0080493,0.00072375,-0.0006165,-8.1408e-5,7.6399e-5,0.00010948,7.3817e-5
logV_pop,0.00072375,0.001349,-0.00017294,-0.00021346,-8.8596e-5,0.00011119,3.1351e-5
logCl_pop,-0.0006165,-0.00017294,0.00127,0.00033498,-0.00014001,-0.00015721,8.8079e-6
omega_logka,-8.1408e-5,-0.00021346,0.00033498,0.011184,-0.00018314,-0.00031275,-5.8252e-5
omega_logV,7.6399e-5,-8.8596e-5,-0.00014001,-0.00018314,0.0010193,-2.3723e-5,-3.8841e-5
omega_logCl,0.00010948,0.00011119,-0.00015721,-0.00031275,-2.3723e-5,0.00069213,-1.4818e-5
b,7.3817e-5,3.1351e-5,8.8079e-6,-5.8252e-5,-3.8841e-5,-1.4818e-5,7.4591e-5
