logka_pop,1,0.25106,-0.16142,0.12146,-0.0087886,0.076873,0.092917
logV_pop,0.25106,1,-0.18821,-0.15575,0.023894,0.19461,0.11679
logCl_pop,-0.16142,-0.18821,1,0.13495,-0.11794,-0.19263,0.0057188
omega_logka,0.12146,-0.15575,0.13495,1,-0.091582,-0.12408,-0.21906
omega_logV,-0.0087886,0.023894,-0.11794,-0.091582,1,-0.037748,-0.070605
omega_logCl,0.076873,0.19461,-0.19263,-0.12408,-0.037748,1,-0.019745
b,0.092917,0.11679,0.0057188,-0.21906,-0.070605,-0.019745,1
