logka_pop,0.0055101,0.00063191,-0.00044041,0.00087373,-1.7264e-5,0.00016787,5.6201e-5
logV_pop,0.00063191,0.0011497,-0.00023455,-0.00051178,2.1441e-5,0.00019412,3.2267e-5
logCl_pop,-0.00044041,-0.00023455,0.0013509,0.00048067,-0.00011472,-0.00020829,1.7127e-6
omega_logka,0.00087373,-0.00051178,0.00048067,0.0093916,-0.00023487,-0.00035375,-0.00017298
omega_logV,-1.7264e-5,2.1441e-5,-0.00011472,-0.00023487,0.00070032,-2.9387e-5,-1.5225e-5
omega_logCl,0.00016787,0.00019412,-0.00020829,-0.00035375,-2.9387e-5,0.00086544,-4.7332e-6
b,5.6201e-5,3.2267e-5,1.7127e-6,-0.00017298,-1.5225e-5,-4.7332e-6,6.6396e-5
