logka_pop,0.0056154,0.00054586,-0.0004594,6.4727e-5,0.00025246,4.7414e-5,1.0072e-6
logV_pop,0.00054586,0.0010387,-0.00021362,-0.00039156,5.3343e-5,9.1265e-5,2.0126e-5
logCl_pop,-0.0004594,-0.00021362,0.0010829,0.00019454,-0.00015285,-0.00012338,1.5304e-5
omega_logka,6.4727e-5,-0.00039156,0.00019454,0.0056355,-0.0002715,-3.8302e-5,-8.1261e-5
omega_logV,0.00025246,5.3343e-5,-0.00015285,-0.0002715,0.00087973,-4.2268e-5,-4.5189e-5
omega_logCl,4.7414e-5,9.1265e-5,-0.00012338,-3.8302e-5,-4.2268e-5,0.00066704,-1.6372e-5
b,1.0072e-6,2.0126e-5,1.5304e-5,-8.1261e-5,-4.5189e-5,-1.6372e-5,7.1242e-5
