logka_pop,1,0.2293,-0.21692,-0.48552,-0.04133,0.07008,0.10388
logV_pop,0.2293,1,-0.18294,-0.11642,0.070535,0.10644,0.054383
logCl_pop,-0.21692,-0.18294,1,0.10386,-0.12666,-0.14766,0.030361
omega_logka,-0.48552,-0.11642,0.10386,1,-0.0027423,-0.076889,0.029339
omega_logV,-0.04133,0.070535,-0.12666,-0.0027423,1,-0.1115,-0.12441
omega_logCl,0.07008,0.10644,-0.14766,-0.076889,-0.1115,1,-0.089733
b,0.10388,0.054383,0.030361,0.029339,-0.12441,-0.089733,1
