logka_pop,0.002549,0.00042656,-0.00036408,-0.00072578,-6.2462e-5,9.6969e-5,4.4955e-5
logV_pop,0.00042656,0.0013576,-0.00022408,-0.00012701,7.7796e-5,0.00010749,1.7176e-5
logCl_pop,-0.00036408,-0.00022408,0.0011051,0.00010223,-0.00012604,-0.00013453,8.6515e-6
omega_logka,-0.00072578,-0.00012701,0.00010223,0.00087664,-2.4305e-6,-6.2392e-5,7.4461e-6
omega_logV,-6.2462e-5,7.7796e-5,-0.00012604,-2.4305e-6,0.00089601,-9.1475e-5,-3.1921e-5
omega_logCl,9.6969e-5,0.00010749,-0.00013453,-6.2392e-5,-9.1475e-5,0.00075112,-2.1081e-5
b,4.4955e-5,1.7176e-5,8.6515e-6,7.4461e-6,-3.1921e-5,-2.1081e-5,7.3477e-5
