logka_pop,1,0.25671,-0.2038,-0.2105,0.0065881,0.013179,0.097618
logV_pop,0.25671,1,-0.1306,-0.10841,0.012914,0.081708,0.083174
logCl_pop,-0.2038,-0.1306,1,0.047355,-0.1153,-0.137,0.036278
omega_logka,-0.2105,-0.10841,0.047355,1,0.0006185,-0.0070283,-0.11365
omega_logV,0.0065881,0.012914,-0.1153,0.0006185,1,-0.065264,-0.11814
omega_logCl,0.013179,0.081708,-0.137,-0.0070283,-0.065264,1,-0.072255
b,0.097618,0.083174,0.036278,-0.11365,-0.11814,-0.072255,1
