logka_pop,0.004354,0.00058891,-0.00039558,-0.00074268,1.2804e-5,2.012e-5,5.2405e-5
logV_pop,0.00058891,0.0012087,-0.00013357,-0.00020153,1.3223e-5,6.5722e-5,2.3526e-5
logCl_pop,-0.00039558,-0.00013357,0.00086534,7.4483e-5,-9.99e-5,-9.3241e-5,8.6824e-6
omega_logka,-0.00074268,-0.00020153,7.4483e-5,0.0028589,9.7403e-7,-8.6943e-6,-4.9438e-5
omega_logV,1.2804e-5,1.3223e-5,-9.99e-5,9.7403e-7,0.00086748,-4.4472e-5,-2.8309e-5
omega_logCl,2.012e-5,6.5722e-5,-9.3241e-5,-8.6943e-6,-4.4472e-5,0.00053527,-1.3601e-5
b,5.2405e-5,2.3526e-5,8.6824e-6,-4.9438e-5,-2.8309e-5,-1.3601e-5,6.6193e-5
