logka_pop,1,0.22697,-0.18041,0.017327,0.04407,0.040827,0.055781
logV_pop,0.22697,1,-0.15592,-0.093648,0.056813,0.13148,0.029993
logCl_pop,-0.18041,-0.15592,1,0.047578,-0.15778,-0.16879,0.074012
omega_logka,0.017327,-0.093648,0.047578,1,-0.063465,-0.030029,-0.092115
omega_logV,0.04407,0.056813,-0.15778,-0.063465,1,-0.027895,-0.15304
omega_logCl,0.040827,0.13148,-0.16879,-0.030029,-0.027895,1,-0.07166
b,0.055781,0.029993,0.074012,-0.092115,-0.15304,-0.07166,1
