logka_pop,0.0044869,0.00049206,-0.00039866,6.5866e-5,8.7895e-5,6.9211e-5,3.0363e-5
logV_pop,0.00049206,0.0010475,-0.00016647,-0.000172,5.4747e-5,0.0001077,7.8882e-6
logCl_pop,-0.00039866,-0.00016647,0.0010882,8.9069e-5,-0.00015498,-0.00014092,1.984e-5
omega_logka,6.5866e-5,-0.000172,8.9069e-5,0.0032205,-0.00010724,-4.3128e-5,-4.2479e-5
omega_logV,8.7895e-5,5.4747e-5,-0.00015498,-0.00010724,0.00088655,-2.102e-5,-3.7029e-5
omega_logCl,6.9211e-5,0.0001077,-0.00014092,-4.3128e-5,-2.102e-5,0.00064048,-1.4737e-5
b,3.0363e-5,7.8882e-6,1.984e-5,-4.2479e-5,-3.7029e-5,-1.4737e-5,6.6034e-5
