logka_pop,1,0.28273,-0.21478,-0.041872,-0.053092,0.083429,0.079781
logV_pop,0.28273,1,-0.16026,-0.04707,-0.02512,0.14622,0.060372
logCl_pop,-0.21478,-0.16026,1,0.091672,-0.13555,-0.16248,0.050702
omega_logka,-0.041872,-0.04707,0.091672,1,-0.17147,0.017811,0.008227
omega_logV,-0.053092,-0.02512,-0.13555,-0.17147,1,-0.019204,-0.11337
omega_logCl,0.083429,0.14622,-0.16248,0.017811,-0.019204,1,-0.064718
b,0.079781,0.060372,0.050702,0.008227,-0.11337,-0.064718,1
