logka_pop,0.0080544,0.00087428,-0.00061948,-0.00028546,-0.00013384,0.00018203,5.4688e-5
logV_pop,0.00087428,0.0011872,-0.00017746,-0.0001232,-2.4312e-5,0.00012248,1.5888e-5
logCl_pop,-0.00061948,-0.00017746,0.0010328,0.0002238,-0.00012236,-0.00012695,1.2446e-5
omega_logka,-0.00028546,-0.0001232,0.0002238,0.0057707,-0.0003659,3.2894e-5,4.7735e-6
omega_logV,-0.00013384,-2.4312e-5,-0.00012236,-0.0003659,0.00078902,-1.3114e-5,-2.4324e-5
omega_logCl,0.00018203,0.00012248,-0.00012695,3.2894e-5,-1.3114e-5,0.00059103,-1.2017e-5
b,5.4688e-5,1.5888e-5,1.2446e-5,4.7735e-6,-2.4324e-5,-1.2017e-5,5.8338e-5
