logka_pop,0.0091009,0.0010635,-0.00092134,-0.0034075,-2.1502e-5,0.00037198,9.5088e-5
logV_pop,0.0010635,0.0012179,-0.00031348,-0.00086004,1.1377e-5,0.00025827,1.8994e-5
logCl_pop,-0.00092134,-0.00031348,0.0014114,0.00087951,-0.00010336,-0.00031327,2.2827e-5
omega_logka,-0.0034075,-0.00086004,0.00087951,0.010129,-0.00010444,-0.00056853,-9.5756e-5
omega_logV,-2.1502e-5,1.1377e-5,-0.00010336,-0.00010444,0.00065278,1.1495e-6,-3.6993e-5
omega_logCl,0.00037198,0.00025827,-0.00031327,-0.00056853,1.1495e-6,0.00098771,-3.2506e-5
b,9.5088e-5,1.8994e-5,2.2827e-5,-9.5756e-5,-3.6993e-5,-3.2506e-5,8.0351e-5
