logka_pop,0.0012286,0.00033375,-0.00088765,-0.00019505,-0.00011074,-7.3247e-5,-2.0022e-6,-2.3672e-5,-0.00010567,0.0001155,-1.796e-5,5.052e-5,5.6011e-6
logV1_pop,0.00033375,0.0012017,-0.00073893,-0.00014709,-9.7711e-5,-7.1808e-5,3.7036e-6,-4.3102e-5,-0.00017474,7.3591e-5,2.1784e-6,1.8535e-5,7.9619e-6
logQ_pop,-0.00088765,-0.00073893,0.0054183,3.1296e-5,0.00032143,-3.6707e-5,-5.7165e-5,2.8593e-5,0.00045563,-0.00011375,-2.6344e-5,-0.00012095,-7.3597e-6
logV2_pop,-0.00019505,-0.00014709,3.1296e-5,0.0021845,-8.4654e-5,0.00049744,-3.6859e-5,-2.5196e-5,0.0009671,0.00032176,1.53e-5,0.00042485,-7.0036e-6
logVm_pop,-0.00011074,-9.7711e-5,0.00032143,-8.4654e-5,0.0015542,0.0017381,-6.0061e-5,9.8686e-6,0.00047767,0.00025949,-0.0004462,0.00026601,-2.432e-6
logKm_pop,-7.3247e-5,-7.1808e-5,-3.6707e-5,0.00049744,0.0017381,0.0044464,-0.00010955,4.7172e-6,0.0011346,0.00059746,-0.00055392,0.00062767,-8.4833e-6
omega_logka,-2.0022e-6,3.7036e-6,-5.7165e-5,-3.6859e-5,-6.0061e-5,-0.00010955,0.00087693,-4.7881e-5,-0.00027952,7.7141e-5,1.3872e-5,-2.4593e-5,-6.4069e-6
omega_logV1,-2.3672e-5,-4.3102e-5,2.8593e-5,-2.5196e-5,9.8686e-6,4.7172e-6,-4.7881e-5,0.00059841,-2.722e-5,-4.894e-5,-9.7937e-6,-4.2496e-6,-6.5562e-7
omega_logQ,-0.00010567,-0.00017474,0.00045563,0.0009671,0.00047767,0.0011346,-0.00027952,-2.722e-5,0.0057297,0.00028808,-0.00012397,0.00038225,-2.6571e-5
omega_logV2,0.0001155,7.3591e-5,-0.00011375,0.00032176,0.00025949,0.00059746,7.7141e-5,-4.894e-5,0.00028808,0.0020186,-0.00023497,0.00028811,-1.2806e-5
omega_logVm,-1.796e-5,2.1784e-6,-2.6344e-5,1.53e-5,-0.0004462,-0.00055392,1.3872e-5,-9.7937e-6,-0.00012397,-0.00023497,0.00072976,-0.00029189,1.7204e-6
omega_logKm,5.052e-5,1.8535e-5,-0.00012095,0.00042485,0.00026601,0.00062767,-2.4593e-5,-4.2496e-6,0.00038225,0.00028811,-0.00029189,0.001826,-6.174e-6
b,5.6011e-6,7.9619e-6,-7.3597e-6,-7.0036e-6,-2.432e-6,-8.4833e-6,-6.4069e-6,-6.5562e-7,-2.6571e-5,-1.2806e-5,1.7204e-6,-6.174e-6,1.1784e-5
