logka_pop,1,0.21632,-0.22709,0.13106,0.055947,0.065622,0.004397
logV_pop,0.21632,1,-0.1399,-0.077103,-0.0041741,0.11702,0.025395
logCl_pop,-0.22709,-0.1399,1,0.05276,-0.12101,-0.14291,0.068976
omega_logka,0.13106,-0.077103,0.05276,1,-0.065614,-0.077353,-0.059999
omega_logV,0.055947,-0.0041741,-0.12101,-0.065614,1,0.0031493,-0.10253
omega_logCl,0.065622,0.11702,-0.14291,-0.077353,0.0031493,1,-0.13588
b,0.004397,0.025395,0.068976,-0.059999,-0.10253,-0.13588,1
