logka_pop,1,0.26137,-0.23158,-0.15549,-0.09619,0.12166,0.11172
logV_pop,0.26137,1,-0.17856,-0.13805,0.0025751,0.13644,0.075197
logCl_pop,-0.23158,-0.17856,1,0.095308,-0.092178,-0.13598,0.025609
omega_logka,-0.15549,-0.13805,0.095308,1,0.010639,-0.098226,-0.13382
omega_logV,-0.09619,0.0025751,-0.092178,0.010639,1,-0.087999,-0.12618
omega_logCl,0.12166,0.13644,-0.13598,-0.098226,-0.087999,1,-0.0738
b,0.11172,0.075197,0.025609,-0.13382,-0.12618,-0.0738,1
