logka_pop,0.0044837,0.00059947,-0.00050889,-0.0006925,-0.0001715,0.00021681,6.2554e-5
logV_pop,0.00059947,0.0011733,-0.00020072,-0.00031453,2.3486e-6,0.00012437,2.1538e-5
logCl_pop,-0.00050889,-0.00020072,0.001077,0.00020804,-8.0549e-5,-0.00011877,7.0275e-6
omega_logka,-0.0006925,-0.00031453,0.00020804,0.0044241,1.8842e-5,-0.00017388,-7.4425e-5
omega_logV,-0.0001715,2.3486e-6,-8.0549e-5,1.8842e-5,0.00070899,-6.2359e-5,-2.8094e-5
omega_logCl,0.00021681,0.00012437,-0.00011877,-0.00017388,-6.2359e-5,0.00070828,-1.6423e-5
b,6.2554e-5,2.1538e-5,7.0275e-6,-7.4425e-5,-2.8094e-5,-1.6423e-5,6.992e-5
