logka_pop,1,0.15982,-0.12969,0.13568,-0.036682,0.041315,0.077966
logV_pop,0.15982,1,-0.12563,-0.089265,0.064143,0.1059,0.042999
logCl_pop,-0.12969,-0.12563,1,0.081387,-0.11728,-0.17362,0.029614
omega_logka,0.13568,-0.089265,0.081387,1,-0.16484,-0.092066,-0.10761
omega_logV,-0.036682,0.064143,-0.11728,-0.16484,1,-0.014732,-0.12475
omega_logCl,0.041315,0.1059,-0.17362,-0.092066,-0.014732,1,-0.037361
b,0.077966,0.042999,0.029614,-0.10761,-0.12475,-0.037361,1
