logka_pop,0.0042931,0.00034996,-0.00027373,0.00064883,-6.4726e-5,6.9299e-5,4.1423e-5
logV_pop,0.00034996,0.0011169,-0.00013525,-0.00021773,5.7731e-5,9.0602e-5,1.1652e-5
logCl_pop,-0.00027373,-0.00013525,0.0010376,0.00019134,-0.00010174,-0.00014317,7.7352e-6
omega_logka,0.00064883,-0.00021773,0.00019134,0.0053268,-0.000324,-0.00017201,-6.3686e-5
omega_logV,-6.4726e-5,5.7731e-5,-0.00010174,-0.000324,0.00072524,-1.0156e-5,-2.7241e-5
omega_logCl,6.9299e-5,9.0602e-5,-0.00014317,-0.00017201,-1.0156e-5,0.00065533,-7.7552e-6
b,4.1423e-5,1.1652e-5,7.7352e-6,-6.3686e-5,-2.7241e-5,-7.7552e-6,6.5749e-5
