logCl_pop,1,-0.0034716,0.066813,-0.0064387,-0.0058606,-0.0010183,-0.054374,-0.017521,0.032216
logV1_pop,-0.0034716,1,-0.11492,-0.11183,0.0017273,0.028942,-0.056376,0.043018,0.035128
logQ_pop,0.066813,-0.11492,1,0.090611,-0.018552,-0.044971,-0.0055645,-0.075471,0.0043929
logV2_pop,-0.0064387,-0.11183,0.090611,1,0.029983,-0.048657,0.28702,-0.12614,-0.019609
omega_logCl,-0.0058606,0.0017273,-0.018552,0.029983,1,0.0049608,0.03305,-0.0081701,-0.0078565
omega_logV1,-0.0010183,0.028942,-0.044971,-0.048657,0.0049608,1,-0.011786,-0.012684,-0.00015642
omega_logQ,-0.054374,-0.056376,-0.0055645,0.28702,0.03305,-0.011786,1,-0.089005,-0.093827
omega_logV2,-0.017521,0.043018,-0.075471,-0.12614,-0.0081701,-0.012684,-0.089005,1,-0.033244
b,0.032216,0.035128,0.0043929,-0.019609,-0.0078565,-0.00015642,-0.093827,-0.033244,1
