logCl_pop,0.00078824,-2.8432e-6,0.00018602,-7.352e-6,-3.3227e-6,-6.137e-7,-0.00016705,-1.6976e-5,2.0774e-6
logV1_pop,-2.8432e-6,0.00085096,-0.00033244,-0.00013268,1.0175e-6,1.8122e-5,-0.00017996,4.3305e-5,2.3536e-6
logQ_pop,0.00018602,-0.00033244,0.009834,0.00036545,-3.715e-5,-9.5725e-5,-6.0385e-5,-0.00025828,1.0005e-6
logV2_pop,-7.352e-6,-0.00013268,0.00036545,0.0016541,2.4624e-5,-4.2477e-5,0.0012774,-0.00017704,-1.8317e-6
omega_logCl,-3.3227e-6,1.0175e-6,-3.715e-5,2.4624e-5,0.00040778,2.1503e-6,7.3032e-5,-5.6935e-6,-3.6439e-7
omega_logV1,-6.137e-7,1.8122e-5,-9.5725e-5,-4.2477e-5,2.1503e-6,0.00046075,-2.7683e-5,-9.3953e-6,-7.7116e-9
omega_logQ,-0.00016705,-0.00017996,-6.0385e-5,0.0012774,7.3032e-5,-2.7683e-5,0.011975,-0.00033611,-2.3582e-5
omega_logV2,-1.6976e-5,4.3305e-5,-0.00025828,-0.00017704,-5.6935e-6,-9.3953e-6,-0.00033611,0.0011909,-2.635e-6
b,2.0774e-6,2.3536e-6,1.0005e-6,-1.8317e-6,-3.6439e-7,-7.7116e-9,-2.3582e-5,-2.635e-6,5.2752e-6
