logka_pop,1,0.16843,-0.11427,0.16691,-0.087876,0.082311,0.036685
logV_pop,0.16843,1,-0.10281,-0.033343,-0.047339,0.14579,0.054561
logCl_pop,-0.11427,-0.10281,1,0.018549,-0.10097,-0.13757,0.056971
omega_logka,0.16691,-0.033343,0.018549,1,-0.095626,-0.067601,0.023104
omega_logV,-0.087876,-0.047339,-0.10097,-0.095626,1,-0.068631,-0.20974
omega_logCl,0.082311,0.14579,-0.13757,-0.067601,-0.068631,1,-0.028488
b,0.036685,0.054561,0.056971,0.023104,-0.20974,-0.028488,1
