logka_pop,0.004007,0.00031691,-0.00023161,0.00073456,-0.00014317,0.0001291,1.9528e-5
logV_pop,0.00031691,0.00088344,-9.784e-5,-6.8901e-5,-3.6214e-5,0.00010737,1.3637e-5
logCl_pop,-0.00023161,-9.784e-5,0.0010252,4.1293e-5,-8.3205e-5,-0.00010914,1.534e-5
omega_logka,0.00073456,-6.8901e-5,4.1293e-5,0.0048336,-0.00017111,-0.00011645,1.3508e-5
omega_logV,-0.00014317,-3.6214e-5,-8.3205e-5,-0.00017111,0.00066242,-4.3766e-5,-4.5394e-5
omega_logCl,0.0001291,0.00010737,-0.00010914,-0.00011645,-4.3766e-5,0.00061391,-5.9358e-6
b,1.9528e-5,1.3637e-5,1.534e-5,1.3508e-5,-4.5394e-5,-5.9358e-6,7.0716e-5
