logka_pop,1,0.16778,-0.16432,0.20586,-0.019654,0.025433,0.070403
logV_pop,0.16778,1,-0.12376,-0.01331,-0.0072637,0.14691,0.062826
logCl_pop,-0.16432,-0.12376,1,0.019587,-0.11211,-0.1468,0.042949
omega_logka,0.20586,-0.01331,0.019587,1,-0.029122,-0.053064,-0.12492
omega_logV,-0.019654,-0.0072637,-0.11211,-0.029122,1,-0.035789,-0.15013
omega_logCl,0.025433,0.14691,-0.1468,-0.053064,-0.035789,1,-0.020253
b,0.070403,0.062826,0.042949,-0.12492,-0.15013,-0.020253,1
