logka_pop,0.0061235,0.00047371,-0.00048964,0.00097988,-4.3801e-5,5.9338e-5,4.7631e-5
logV_pop,0.00047371,0.0013018,-0.00017003,-2.9212e-5,-7.4638e-6,0.00015804,1.9598e-5
logCl_pop,-0.00048964,-0.00017003,0.00145,4.5368e-5,-0.00012158,-0.00016667,1.4139e-5
omega_logka,0.00097988,-2.9212e-5,4.5368e-5,0.0037001,-5.045e-5,-9.6238e-5,-6.5694e-5
omega_logV,-4.3801e-5,-7.4638e-6,-0.00012158,-5.045e-5,0.00081108,-3.0389e-5,-3.6966e-5
omega_logCl,5.9338e-5,0.00015804,-0.00016667,-9.6238e-5,-3.0389e-5,0.00088896,-5.2207e-6
b,4.7631e-5,1.9598e-5,1.4139e-5,-6.5694e-5,-3.6966e-5,-5.2207e-6,7.4747e-5
