logka_pop,1,0.21053,-0.19525,0.37139,-0.042265,0.0765,0.030693
logV_pop,0.21053,1,-0.17143,-0.029501,0.062159,0.11676,0.06249
logCl_pop,-0.19525,-0.17143,1,-0.014017,-0.12974,-0.19166,0.063417
omega_logka,0.37139,-0.029501,-0.014017,1,-0.092566,0.0047945,-0.031578
omega_logV,-0.042265,0.062159,-0.12974,-0.092566,1,-0.032531,-0.099128
omega_logCl,0.0765,0.11676,-0.19166,0.0047945,-0.032531,1,-0.11344
b,0.030693,0.06249,0.063417,-0.031578,-0.099128,-0.11344,1
