logka_pop,1,0.2757,-0.20185,0.078066,-0.0027987,0.070499,0.053791
logV_pop,0.2757,1,-0.19513,-0.086983,0.0016111,0.16051,0.077766
logCl_pop,-0.20185,-0.19513,1,0.13473,-0.12426,-0.18171,0.050536
omega_logka,0.078066,-0.086983,0.13473,1,-0.12228,-0.02238,-0.12866
omega_logV,-0.0027987,0.0016111,-0.12426,-0.12228,1,-0.055299,-0.13401
omega_logCl,0.070499,0.16051,-0.18171,-0.02238,-0.055299,1,-0.081597
b,0.053791,0.077766,0.050536,-0.12866,-0.13401,-0.081597,1
