logka_pop,0.010105,0.00095087,-0.00072131,0.00070746,-7.5588e-6,0.00020513,5.0022e-5
logV_pop,0.00095087,0.0011771,-0.000238,-0.00026905,1.4851e-6,0.0001594,2.4683e-5
logCl_pop,-0.00072131,-0.000238,0.0012638,0.00043178,-0.00011869,-0.00018698,1.662e-5
omega_logka,0.00070746,-0.00026905,0.00043178,0.0081274,-0.00029619,-5.84e-5,-0.0001073
omega_logV,-7.5588e-6,1.4851e-6,-0.00011869,-0.00029619,0.00072187,-4.3005e-5,-3.3309e-5
omega_logCl,0.00020513,0.0001594,-0.00018698,-5.84e-5,-4.3005e-5,0.00083783,-2.1849e-5
b,5.0022e-5,2.4683e-5,1.662e-5,-0.0001073,-3.3309e-5,-2.1849e-5,8.558e-5
