logka_pop,1,0.28099,-0.21408,-0.32852,0.039407,0.1492,0.020688
logV_pop,0.28099,1,-0.17022,-0.19332,0.027032,0.19665,0.048194
logCl_pop,-0.21408,-0.17022,1,0.11935,-0.11319,-0.22074,0.046283
omega_logka,-0.32852,-0.19332,0.11935,1,-0.094409,-0.1532,-0.050037
omega_logV,0.039407,0.027032,-0.11319,-0.094409,1,0.041881,-0.15875
omega_logCl,0.1492,0.19665,-0.22074,-0.1532,0.041881,1,-0.081243
b,0.020688,0.048194,0.046283,-0.050037,-0.15875,-0.081243,1
