logka_pop,0.0052535,0.00074322,-0.00065692,-0.001792,8.5096e-5,0.00039565,1.2941e-5
logV_pop,0.00074322,0.0013317,-0.00026298,-0.00053093,2.9391e-5,0.00026256,1.5178e-5
logCl_pop,-0.00065692,-0.00026298,0.0017923,0.00038024,-0.00014277,-0.0003419,1.6911e-5
omega_logka,-0.001792,-0.00053093,0.00038024,0.0056638,-0.00021168,-0.00042182,-3.2499e-5
omega_logV,8.5096e-5,2.9391e-5,-0.00014277,-0.00021168,0.00088764,4.5651e-5,-4.0817e-5
omega_logCl,0.00039565,0.00026256,-0.0003419,-0.00042182,4.5651e-5,0.0013385,-2.5653e-5
b,1.2941e-5,1.5178e-5,1.6911e-5,-3.2499e-5,-4.0817e-5,-2.5653e-5,7.4483e-5
