logka_pop,1,0.24329,-0.16727,-0.13787,-0.089294,0.087087,0.1276
logV_pop,0.24329,1,-0.15759,-0.15823,-0.0043785,0.17053,0.085414
logCl_pop,-0.16727,-0.15759,1,0.11909,-0.050694,-0.16872,0.030309
omega_logka,-0.13787,-0.15823,0.11909,1,0.017872,-0.13011,-0.098448
omega_logV,-0.089294,-0.0043785,-0.050694,0.017872,1,-0.03341,-0.163
omega_logCl,0.087087,0.17053,-0.16872,-0.13011,-0.03341,1,-0.031024
b,0.1276,0.085414,0.030309,-0.098448,-0.163,-0.031024,1
