logka_pop,1,0.23273,-0.21269,-0.068345,0.022515,0.083827,0.10448
logV_pop,0.23273,1,-0.16627,-0.13785,0.081005,0.1402,0.063171
logCl_pop,-0.21269,-0.16627,1,0.12692,-0.17509,-0.14004,0.036028
omega_logka,-0.068345,-0.13785,0.12692,1,-0.13167,-0.0059457,-0.097854
omega_logV,0.022515,0.081005,-0.17509,-0.13167,1,-0.049173,-0.13046
omega_logCl,0.083827,0.1402,-0.14004,-0.0059457,-0.049173,1,-0.063519
b,0.10448,0.063171,0.036028,-0.097854,-0.13046,-0.063519,1
