logka_pop,0.0055626,0.00058783,-0.00053762,-0.00036203,4.6116e-5,0.00017254,6.4917e-5
logV_pop,0.00058783,0.0011469,-0.00019084,-0.00033157,7.5337e-5,0.00013103,1.7823e-5
logCl_pop,-0.00053762,-0.00019084,0.0011487,0.00030551,-0.00016296,-0.00013098,1.0173e-5
omega_logka,-0.00036203,-0.00033157,0.00030551,0.0050443,-0.00025682,-1.1654e-5,-5.7901e-5
omega_logV,4.6116e-5,7.5337e-5,-0.00016296,-0.00025682,0.00075416,-3.7266e-5,-2.9848e-5
omega_logCl,0.00017254,0.00013103,-0.00013098,-1.1654e-5,-3.7266e-5,0.00076159,-1.4604e-5
b,6.4917e-5,1.7823e-5,1.0173e-5,-5.7901e-5,-2.9848e-5,-1.4604e-5,6.9409e-5
