logka_pop,1,0.35083,-0.21808,-0.041129,-0.018632,0.10823,0.121
logV_pop,0.35083,1,-0.25004,-0.19595,0.0042115,0.22691,0.07578
logCl_pop,-0.21808,-0.25004,1,0.12661,-0.12508,-0.2292,0.072854
omega_logka,-0.041129,-0.19595,0.12661,1,-0.20105,-0.034123,-0.0046419
omega_logV,-0.018632,0.0042115,-0.12508,-0.20105,1,0.0091913,-0.19926
omega_logCl,0.10823,0.22691,-0.2292,-0.034123,0.0091913,1,-0.11743
b,0.121,0.07578,0.072854,-0.0046419,-0.19926,-0.11743,1
