logka_pop,0.0079113,0.0010263,-0.00077963,-0.00036761,-4.5075e-5,0.00029806,9.84e-5
logV_pop,0.0010263,0.0010816,-0.00033051,-0.0006476,3.7674e-6,0.00023107,2.2787e-5
logCl_pop,-0.00077963,-0.00033051,0.0016154,0.00051134,-0.00013673,-0.00028524,2.6773e-5
omega_logka,-0.00036761,-0.0006476,0.00051134,0.010098,-0.00054951,-0.00010617,-4.2649e-6
omega_logV,-4.5075e-5,3.7674e-6,-0.00013673,-0.00054951,0.00073981,7.7406e-6,-4.9554e-5
omega_logCl,0.00029806,0.00023107,-0.00028524,-0.00010617,7.7406e-6,0.00095869,-3.3244e-5
b,9.84e-5,2.2787e-5,2.6773e-5,-4.2649e-6,-4.9554e-5,-3.3244e-5,8.3599e-5
