logka_pop,1,0.2636,-0.17826,-0.26926,-0.060961,-0.006179,0.20086
logV_pop,0.2636,1,-0.21214,-0.22229,0.11742,0.096,0.097299
logCl_pop,-0.17826,-0.21214,1,0.089909,-0.13461,-0.17705,0.023181
omega_logka,-0.26926,-0.22229,0.089909,1,-0.12946,-0.0019267,-0.20892
omega_logV,-0.060961,0.11742,-0.13461,-0.12946,1,-0.053438,-0.13147
omega_logCl,-0.006179,0.096,-0.17705,-0.0019267,-0.053438,1,-0.10922
b,0.20086,0.097299,0.023181,-0.20892,-0.13147,-0.10922,1
