logka_pop,1,0.11284,-0.16088,0.35055,-0.02603,0.029425,-0.0018665
logV_pop,0.11284,1,-0.13174,-0.055073,0.056493,0.093376,0.057981
logCl_pop,-0.16088,-0.13174,1,-0.0016578,-0.16371,-0.10758,0.076157
omega_logka,0.35055,-0.055073,-0.0016578,1,-0.13216,0.032264,-0.11743
omega_logV,-0.02603,0.056493,-0.16371,-0.13216,1,-0.04857,-0.14946
omega_logCl,0.029425,0.093376,-0.10758,0.032264,-0.04857,1,-0.096917
b,-0.0018665,0.057981,0.076157,-0.11743,-0.14946,-0.096917,1
