logka_pop,0.0083009,0.00037232,-0.00051209,0.0031294,-7.1727e-5,7.2596e-5,-1.5474e-6
logV_pop,0.00037232,0.0013115,-0.00016668,-0.00019542,6.1877e-5,9.157e-5,1.9107e-5
logCl_pop,-0.00051209,-0.00016668,0.0012205,-5.6745e-6,-0.00017298,-0.00010177,2.421e-5
omega_logka,0.0031294,-0.00019542,-5.6745e-6,0.0096003,-0.00039164,8.5603e-5,-0.0001047
omega_logV,-7.1727e-5,6.1877e-5,-0.00017298,-0.00039164,0.00091475,-3.9779e-5,-4.1134e-5
omega_logCl,7.2596e-5,9.157e-5,-0.00010177,8.5603e-5,-3.9779e-5,0.00073327,-2.3881e-5
b,-1.5474e-6,1.9107e-5,2.421e-5,-0.0001047,-4.1134e-5,-2.3881e-5,8.2801e-5
