logka_pop,0.0076136,0.00034534,-0.00039957,0.0056274,-0.00041017,5.5796e-5,2.5658e-5
logV_pop,0.00034534,0.0012705,-0.00011541,-0.00095814,-7.3823e-5,0.00010028,2.7568e-5
logCl_pop,-0.00039957,-0.00011541,0.00094336,0.0001516,-7.4236e-5,-7.5662e-5,8.9577e-6
omega_logka,0.0056274,-0.00095814,0.0001516,0.01825,-0.0004388,-3.3533e-5,-0.0001152
omega_logV,-0.00041017,-7.3823e-5,-7.4236e-5,-0.0004388,0.00088462,-3.1848e-5,-3.9201e-5
omega_logCl,5.5796e-5,0.00010028,-7.5662e-5,-3.3533e-5,-3.1848e-5,0.0005558,-1.79e-5
b,2.5658e-5,2.7568e-5,8.9577e-6,-0.0001152,-3.9201e-5,-1.79e-5,7.3072e-5
