logka_pop,1,0.14359,-0.12355,0.50064,-0.0019283,0.024078,0.042834
logV_pop,0.14359,1,-0.10194,-0.0097062,-0.0047565,0.14092,0.069783
logCl_pop,-0.12355,-0.10194,1,0.01982,-0.10922,-0.20561,0.076782
omega_logka,0.50064,-0.0097062,0.01982,1,-0.056995,-0.096861,-0.088679
omega_logV,-0.0019283,-0.0047565,-0.10922,-0.056995,1,-0.0021429,-0.093376
omega_logCl,0.024078,0.14092,-0.20561,-0.096861,-0.0021429,1,-0.078056
b,0.042834,0.069783,0.076782,-0.088679,-0.093376,-0.078056,1
