logka_pop,0.011187,0.00057345,-0.00053322,0.0051893,-5.8573e-6,8.2121e-5,3.8615e-5
logV_pop,0.00057345,0.0014257,-0.00015707,-3.5916e-5,-5.1579e-6,0.00017158,2.2459e-5
logCl_pop,-0.00053322,-0.00015707,0.0016651,7.926e-5,-0.000128,-0.00027054,2.6705e-5
omega_logka,0.0051893,-3.5916e-5,7.926e-5,0.0096041,-0.00016041,-0.00030609,-7.4075e-5
omega_logV,-5.8573e-6,-5.1579e-6,-0.000128,-0.00016041,0.00082479,-1.9845e-6,-2.2858e-5
omega_logCl,8.2121e-5,0.00017158,-0.00027054,-0.00030609,-1.9845e-6,0.0010398,-2.1454e-5
b,3.8615e-5,2.2459e-5,2.6705e-5,-7.4075e-5,-2.2858e-5,-2.1454e-5,7.2652e-5
