logka_pop,1,0.29744,-0.21569,-0.23473,0.11428,0.13223,-0.014326
logV_pop,0.29744,1,-0.16164,-0.16759,0.019071,0.17792,0.030905
logCl_pop,-0.21569,-0.16164,1,0.071626,-0.1415,-0.18475,0.095413
omega_logka,-0.23473,-0.16759,0.071626,1,-0.11876,-0.036707,-0.025678
omega_logV,0.11428,0.019071,-0.1415,-0.11876,1,0.022562,-0.19049
omega_logCl,0.13223,0.17792,-0.18475,-0.036707,0.022562,1,-0.10075
b,-0.014326,0.030905,0.095413,-0.025678,-0.19049,-0.10075,1
