logka_pop,0.0046868,0.0007061,-0.00057316,-0.00094958,0.00021953,0.00027417,-8.5031e-6
logV_pop,0.0007061,0.0012024,-0.00021757,-0.00034341,1.8557e-5,0.00018686,9.2911e-6
logCl_pop,-0.00057316,-0.00021757,0.0015067,0.00016429,-0.00015412,-0.0002172,3.211e-5
omega_logka,-0.00094958,-0.00034341,0.00016429,0.0034919,-0.00019693,-6.5695e-5,-1.3155e-5
omega_logV,0.00021953,1.8557e-5,-0.00015412,-0.00019693,0.00078741,1.9174e-5,-4.6343e-5
omega_logCl,0.00027417,0.00018686,-0.0002172,-6.5695e-5,1.9174e-5,0.00091726,-2.6454e-5
b,-8.5031e-6,9.2911e-6,3.211e-5,-1.3155e-5,-4.6343e-5,-2.6454e-5,7.5168e-5
