logka_pop,0.011686,0.00070992,-0.0006483,0.0040152,-0.00017917,4.2161e-5,7.3006e-5
logV_pop,0.00070992,0.0011255,-0.00019712,-0.00050072,4.5007e-5,0.00013277,1.6437e-5
logCl_pop,-0.0006483,-0.00019712,0.001111,0.00034635,-0.00012119,-0.00015899,1.5452e-5
omega_logka,0.0040152,-0.00050072,0.00034635,0.014744,-0.0003353,-0.00015698,-7.4661e-5
omega_logV,-0.00017917,4.5007e-5,-0.00012119,-0.0003353,0.00068277,2.3746e-5,-3.6808e-5
omega_logCl,4.2161e-5,0.00013277,-0.00015899,-0.00015698,2.3746e-5,0.00065585,-2.1893e-5
b,7.3006e-5,1.6437e-5,1.5452e-5,-7.4661e-5,-3.6808e-5,-2.1893e-5,7.1944e-5
