logka_pop,1,0.61339,-0.48519,-0.91619,-0.27337,0.1443,0.58916
logV_pop,0.61339,1,-0.33681,-0.60544,-0.15304,0.17568,0.40355
logCl_pop,-0.48519,-0.33681,1,0.46013,0.013471,-0.17438,-0.23822
omega_logka,-0.91619,-0.60544,0.46013,1,0.25924,-0.1547,-0.59205
omega_logV,-0.27337,-0.15304,0.013471,0.25924,1,-0.058531,-0.27861
omega_logCl,0.1443,0.17568,-0.17438,-0.1547,-0.058531,1,0.030692
b,0.58916,0.40355,-0.23822,-0.59205,-0.27861,0.030692,1
