logka_pop,0.035863,0.005151,-0.0032395,-0.039473,-0.0015964,0.00070429,0.0012385
logV_pop,0.005151,0.0019664,-0.00052657,-0.006108,-0.00020927,0.00020077,0.00019865
logCl_pop,-0.0032395,-0.00052657,0.001243,0.0036907,1.4645e-5,-0.00015844,-9.3232e-5
omega_logka,-0.039473,-0.006108,0.0036907,0.051759,0.0018187,-0.00090703,-0.0014952
omega_logV,-0.0015964,-0.00020927,1.4645e-5,0.0018187,0.00095083,-4.6514e-5,-9.5369e-5
omega_logCl,0.00070429,0.00020077,-0.00015844,-0.00090703,-4.6514e-5,0.0006642,8.7806e-6
b,0.0012385,0.00019865,-9.3232e-5,-0.0014952,-9.5369e-5,8.7806e-6,0.00012323
