logka_pop,0.0076395,0.00090072,-0.00069792,0.00062009,7.3657e-5,0.00011551,5.2547e-5
logV_pop,0.00090072,0.0011683,-0.00024266,-4.0222e-5,-1.8017e-6,0.00011809,2.5813e-5
logCl_pop,-0.00069792,-0.00024266,0.0012972,8.3782e-5,-0.00012935,-0.0001918,2.3447e-5
omega_logka,0.00062009,-4.0222e-5,8.3782e-5,0.0074023,-0.00021046,-5.0294e-5,-7.9261e-5
omega_logV,7.3657e-5,-1.8017e-6,-0.00012935,-0.00021046,0.00081783,-3.807e-5,-4.2189e-5
omega_logCl,0.00011551,0.00011809,-0.0001918,-5.0294e-5,-3.807e-5,0.00072553,-1.597e-5
b,5.2547e-5,2.5813e-5,2.3447e-5,-7.9261e-5,-4.2189e-5,-1.597e-5,8.2475e-5
