logka_pop,1,0.27908,-0.18598,0.37437,-0.026796,0.085852,-0.038943
logV_pop,0.27908,1,-0.1181,0.092358,-0.017088,0.14466,0.019802
logCl_pop,-0.18598,-0.1181,1,-0.0059275,-0.1367,-0.094964,0.049448
omega_logka,0.37437,0.092358,-0.0059275,1,-0.12404,-0.0013973,-0.11328
omega_logV,-0.026796,-0.017088,-0.1367,-0.12404,1,-0.0043174,-0.084005
omega_logCl,0.085852,0.14466,-0.094964,-0.0013973,-0.0043174,1,-0.093705
b,-0.038943,0.019802,0.049448,-0.11328,-0.084005,-0.093705,1
