logka_pop,1,0.15867,-0.12124,0.29295,-0.14037,0.04088,-0.051789
logV_pop,0.15867,1,-0.12425,-0.097866,0.025519,0.11977,0.033073
logCl_pop,-0.12124,-0.12425,1,0.14596,-0.15985,-0.15052,0.050051
omega_logka,0.29295,-0.097866,0.14596,1,-0.37875,-0.025346,-0.18506
omega_logV,-0.14037,0.025519,-0.15985,-0.37875,1,-0.006847,-0.038794
omega_logCl,0.04088,0.11977,-0.15052,-0.025346,-0.006847,1,-0.095139
b,-0.051789,0.033073,0.050051,-0.18506,-0.038794,-0.095139,1
