logka_pop,0.010809,0.000578,-0.00079227,0.0025973,0.00013599,8.7702e-5,8.0225e-5
logV_pop,0.000578,0.0011671,-0.00018989,-0.0003599,2.1288e-5,0.00017952,1.3506e-5
logCl_pop,-0.00079227,-0.00018989,0.0012328,4.5123e-5,-0.00012864,-0.00019794,1.3836e-5
omega_logka,0.0025973,-0.0003599,4.5123e-5,0.008188,2.7437e-6,-0.00014358,-5.0049e-5
omega_logV,0.00013599,2.1288e-5,-0.00012864,2.7437e-6,0.00087514,-6.0835e-6,-3.7486e-5
omega_logCl,8.7702e-5,0.00017952,-0.00019794,-0.00014358,-6.0835e-6,0.00081064,-2.1365e-5
b,8.0225e-5,1.3506e-5,1.3836e-5,-5.0049e-5,-3.7486e-5,-2.1365e-5,6.9295e-5
