logka_pop,1,0.10983,-0.12214,0.36851,-0.10359,0.007762,0.018394
logV_pop,0.10983,1,-0.093487,-0.047024,0.016783,0.11525,0.04838
logCl_pop,-0.12214,-0.093487,1,-0.035531,-0.10111,-0.15097,0.071007
omega_logka,0.36851,-0.047024,-0.035531,1,-0.049891,-0.086186,-0.020713
omega_logV,-0.10359,0.016783,-0.10111,-0.049891,1,-0.063663,-0.13964
omega_logCl,0.007762,0.11525,-0.15097,-0.086186,-0.063663,1,-0.078838
b,0.018394,0.04838,0.071007,-0.020713,-0.13964,-0.078838,1
