logka_pop,0.0031019,0.00021813,-0.00022547,0.0011019,-0.00017306,1.2099e-5,8.8403e-6
logV_pop,0.00021813,0.0012718,-0.0001105,-9.0036e-5,1.7953e-5,0.00011502,1.4888e-5
logCl_pop,-0.00022547,-0.0001105,0.0010986,-6.3231e-5,-0.00010053,-0.00014005,2.0309e-5
omega_logka,0.0011019,-9.0036e-5,-6.3231e-5,0.0028827,-8.0349e-5,-0.00012951,-9.5963e-6
omega_logV,-0.00017306,1.7953e-5,-0.00010053,-8.0349e-5,0.00089975,-5.3445e-5,-3.6143e-5
omega_logCl,1.2099e-5,0.00011502,-0.00014005,-0.00012951,-5.3445e-5,0.00078328,-1.904e-5
b,8.8403e-6,1.4888e-5,2.0309e-5,-9.5963e-6,-3.6143e-5,-1.904e-5,7.4462e-5
