logka_pop,1,0.16483,-0.21266,0.19917,0.12276,0.017578,-0.020918
logV_pop,0.16483,1,-0.15169,-0.038742,0.045497,0.12666,0.038078
logCl_pop,-0.21266,-0.15169,1,-0.010484,-0.17126,-0.11984,0.05586
omega_logka,0.19917,-0.038742,-0.010484,1,0.063714,0.0007342,-0.12091
omega_logV,0.12276,0.045497,-0.17126,0.063714,1,-0.048764,-0.12791
omega_logCl,0.017578,0.12666,-0.11984,0.0007342,-0.048764,1,-0.054678
b,-0.020918,0.038078,0.05586,-0.12091,-0.12791,-0.054678,1
