logka_pop,0.0079107,0.00053673,-0.00062149,0.0012628,0.00032959,4.1324e-5,-1.4622e-5
logV_pop,0.00053673,0.0013404,-0.00018248,-0.00010112,5.028e-5,0.00012257,1.0957e-5
logCl_pop,-0.00062149,-0.00018248,0.0010796,-2.4558e-5,-0.00016985,-0.00010408,1.4425e-5
omega_logka,0.0012628,-0.00010112,-2.4558e-5,0.005082,0.0001371,1.3834e-6,-6.7741e-5
omega_logV,0.00032959,5.028e-5,-0.00016985,0.0001371,0.00091112,-3.8906e-5,-3.0345e-5
omega_logCl,4.1324e-5,0.00012257,-0.00010408,1.3834e-6,-3.8906e-5,0.00069866,-1.1359e-5
b,-1.4622e-5,1.0957e-5,1.4425e-5,-6.7741e-5,-3.0345e-5,-1.1359e-5,6.1768e-5
