logka_pop,1,0.18926,-0.21585,0.24468,0.021156,0.041796,0.053835
logV_pop,0.18926,1,-0.15847,-0.085396,0.047506,0.15267,0.077307
logCl_pop,-0.21585,-0.15847,1,0.054228,-0.15279,-0.14169,0.01858
omega_logka,0.24468,-0.085396,0.054228,1,-0.031789,-0.067299,-0.18203
omega_logV,0.021156,0.047506,-0.15279,-0.031789,1,-0.042618,-0.078263
omega_logCl,0.041796,0.15267,-0.14169,-0.067299,-0.042618,1,-0.06001
b,0.053835,0.077307,0.01858,-0.18203,-0.078263,-0.06001,1
