logka_pop,0.0055699,0.00090249,-0.00067554,0.00014859,-3.8311e-5,7.8659e-5,0.00011181
logV_pop,0.00090249,0.0013521,-0.00021841,-0.00028666,-5.0822e-5,0.00012354,5.6834e-5
logCl_pop,-0.00067554,-0.00021841,0.0011263,0.00025909,-0.00013712,-5.444e-5,-1.8451e-5
omega_logka,0.00014859,-0.00028666,0.00025909,0.0048663,-0.0001622,0.00014528,-0.00016209
omega_logV,-3.8311e-5,-5.0822e-5,-0.00013712,-0.0001622,0.00093371,-0.00011799,-2.7072e-5
omega_logCl,7.8659e-5,0.00012354,-5.444e-5,0.00014528,-0.00011799,0.0007627,-9.1203e-6
b,0.00011181,5.6834e-5,-1.8451e-5,-0.00016209,-2.7072e-5,-9.1203e-6,6.9245e-5
