logka_pop,1,0.22818,-0.25576,0.14895,0.020869,0.032364,0.075546
logV_pop,0.22818,1,-0.20671,-0.098442,0.003538,0.11596,0.051843
logCl_pop,-0.25576,-0.20671,1,0.058042,-0.12491,-0.18574,0.046919
omega_logka,0.14895,-0.098442,0.058042,1,-0.022312,-0.033569,-0.062353
omega_logV,0.020869,0.003538,-0.12491,-0.022312,1,-0.029688,-0.091654
omega_logCl,0.032364,0.11596,-0.18574,-0.033569,-0.029688,1,-0.10851
b,0.075546,0.051843,0.046919,-0.062353,-0.091654,-0.10851,1
