logka_pop,0.009899,0.00087457,-0.00081662,0.0013923,6.798e-5,7.6989e-5,6.3014e-5
logV_pop,0.00087457,0.001484,-0.00025555,-0.00035628,4.4623e-6,0.0001068,1.6743e-5
logCl_pop,-0.00081662,-0.00025555,0.0010299,0.000175,-0.00013125,-0.00014252,1.2623e-5
omega_logka,0.0013923,-0.00035628,0.000175,0.0088267,-6.8629e-5,-7.5406e-5,-4.9112e-5
omega_logV,6.798e-5,4.4623e-6,-0.00013125,-6.8629e-5,0.0010719,-2.3239e-5,-2.5157e-5
omega_logCl,7.6989e-5,0.0001068,-0.00014252,-7.5406e-5,-2.3239e-5,0.00057165,-2.1751e-5
b,6.3014e-5,1.6743e-5,1.2623e-5,-4.9112e-5,-2.5157e-5,-2.1751e-5,7.0285e-5
