logka_pop,1,0.20962,-0.14946,-0.10203,-0.081836,0.029376,0.11374
logV_pop,0.20962,1,-0.17297,-0.15684,-0.0048313,0.095511,0.10161
logCl_pop,-0.14946,-0.17297,1,0.077292,-0.11931,-0.17732,0.053042
omega_logka,-0.10203,-0.15684,0.077292,1,-0.07045,-0.0057373,-0.13422
omega_logV,-0.081836,-0.0048313,-0.11931,-0.07045,1,-0.033372,-0.18275
omega_logCl,0.029376,0.095511,-0.17732,-0.0057373,-0.033372,1,-0.10287
b,0.11374,0.10161,0.053042,-0.13422,-0.18275,-0.10287,1
