logka_pop,0.0065465,0.00057045,-0.00042185,-0.00082358,-0.00019115,6.439e-5,7.9272e-5
logV_pop,0.00057045,0.0011312,-0.00020295,-0.00052628,-4.6908e-6,8.7026e-5,2.944e-5
logCl_pop,-0.00042185,-0.00020295,0.0012169,0.000269,-0.00012015,-0.00016758,1.5939e-5
omega_logka,-0.00082358,-0.00052628,0.000269,0.0099534,-0.0002029,-1.5507e-5,-0.00011535
omega_logV,-0.00019115,-4.6908e-6,-0.00012015,-0.0002029,0.00083336,-2.6099e-5,-4.5444e-5
omega_logCl,6.439e-5,8.7026e-5,-0.00016758,-1.5507e-5,-2.6099e-5,0.00073393,-2.4007e-5
b,7.9272e-5,2.944e-5,1.5939e-5,-0.00011535,-4.5444e-5,-2.4007e-5,7.4204e-5
