logka_pop,1,0.084097,-0.16925,0.35998,-0.059819,0.018665,-0.033211
logV_pop,0.084097,1,-0.14971,-0.16393,0.041297,0.12359,0.078869
logCl_pop,-0.16925,-0.14971,1,0.0095202,-0.099206,-0.13612,0.040792
omega_logka,0.35998,-0.16393,0.0095202,1,-0.062196,-0.089053,-0.16926
omega_logV,-0.059819,0.041297,-0.099206,-0.062196,1,-0.028374,-0.16961
omega_logCl,0.018665,0.12359,-0.13612,-0.089053,-0.028374,1,-0.090315
b,-0.033211,0.078869,0.040792,-0.16926,-0.16961,-0.090315,1
