logka_pop,0.0088917,0.00023503,-0.0004937,0.0040447,-0.00014301,4.5757e-5,-2.4805e-5
logV_pop,0.00023503,0.00087839,-0.00013726,-0.00057894,3.1032e-5,9.5223e-5,1.8515e-5
logCl_pop,-0.0004937,-0.00013726,0.00095692,3.5092e-5,-7.7807e-5,-0.00010947,9.995e-6
omega_logka,0.0040447,-0.00057894,3.5092e-5,0.014198,-0.0001879,-0.00027586,-0.00015976
omega_logV,-0.00014301,3.1032e-5,-7.7807e-5,-0.0001879,0.00064281,-1.8702e-5,-3.4061e-5
omega_logCl,4.5757e-5,9.5223e-5,-0.00010947,-0.00027586,-1.8702e-5,0.00067586,-1.8598e-5
b,-2.4805e-5,1.8515e-5,9.995e-6,-0.00015976,-3.4061e-5,-1.8598e-5,6.274e-5
