logka_pop,1,0.43981,-0.28713,-0.59684,0.24363,0.047933,0.22785
logV_pop,0.43981,1,-0.21182,-0.42403,0.15897,0.15272,0.16289
logCl_pop,-0.28713,-0.21182,1,0.28271,-0.20926,-0.11607,-0.021726
omega_logka,-0.59684,-0.42403,0.28271,1,-0.31675,-0.059354,-0.30858
omega_logV,0.24363,0.15897,-0.20926,-0.31675,1,-0.013551,-0.063078
omega_logCl,0.047933,0.15272,-0.11607,-0.059354,-0.013551,1,-0.048963
b,0.22785,0.16289,-0.021726,-0.30858,-0.063078,-0.048963,1
