logka_pop,1,0.25558,-0.23211,0.010656,0.03303,0.067318,0.075825
logV_pop,0.25558,1,-0.23649,-0.20987,0.051408,0.22335,0.099282
logCl_pop,-0.23211,-0.23649,1,0.14384,-0.17232,-0.22618,0.043948
omega_logka,0.010656,-0.20987,0.14384,1,-0.13584,-0.14944,-0.16195
omega_logV,0.03303,0.051408,-0.17232,-0.13584,1,0.025537,-0.13979
omega_logCl,0.067318,0.22335,-0.22618,-0.14944,0.025537,1,-0.07291
b,0.075825,0.099282,0.043948,-0.16195,-0.13979,-0.07291,1
