logka_pop,0.0078256,0.00077272,-0.00073772,9.1696e-5,8.0767e-5,0.00017285,6.0713e-5
logV_pop,0.00077272,0.001168,-0.00029039,-0.00069771,4.8565e-5,0.00022155,3.0712e-5
logCl_pop,-0.00073772,-0.00029039,0.0012909,0.0005027,-0.00017113,-0.00023587,1.4292e-5
omega_logka,9.1696e-5,-0.00069771,0.0005027,0.0094619,-0.00036523,-0.0004219,-0.00014259
omega_logV,8.0767e-5,4.8565e-5,-0.00017113,-0.00036523,0.00076404,2.0488e-5,-3.4975e-5
omega_logCl,0.00017285,0.00022155,-0.00023587,-0.0004219,2.0488e-5,0.00084244,-1.9154e-5
b,6.0713e-5,3.0712e-5,1.4292e-5,-0.00014259,-3.4975e-5,-1.9154e-5,8.1926e-5
