logka_pop,1,0.17415,-0.22171,0.31041,0.087674,0.063057,-0.023682
logV_pop,0.17415,1,-0.20606,-0.23849,0.068016,0.18711,0.10682
logCl_pop,-0.22171,-0.20606,1,0.15204,-0.19515,-0.16678,0.034387
omega_logka,0.31041,-0.23849,0.15204,1,0.0044479,-0.11254,-0.2537
omega_logV,0.087674,0.068016,-0.19515,0.0044479,1,-0.026654,-0.1607
omega_logCl,0.063057,0.18711,-0.16678,-0.11254,-0.026654,1,-0.068911
b,-0.023682,0.10682,0.034387,-0.2537,-0.1607,-0.068911,1
