logka_pop,1,0.19209,-0.16785,-0.29269,-0.13041,0.067246,0.13857
logV_pop,0.19209,1,-0.13278,-0.18752,-0.0089551,0.14375,0.10968
logCl_pop,-0.16785,-0.13278,1,0.11509,-0.090479,-0.18933,0.034488
omega_logka,-0.29269,-0.18752,0.11509,1,0.040258,-0.084325,-0.19854
omega_logV,-0.13041,-0.0089551,-0.090479,0.040258,1,-0.014584,-0.14585
omega_logCl,0.067246,0.14375,-0.18933,-0.084325,-0.014584,1,-0.054465
b,0.13857,0.10968,0.034488,-0.19854,-0.14585,-0.054465,1
