logka_pop,0.0047171,0.00045351,-0.00037596,-0.0012202,-0.00025111,0.00011992,8.1689e-5
logV_pop,0.00045351,0.0011816,-0.00014885,-0.00039127,-8.6305e-6,0.00012831,3.236e-5
logCl_pop,-0.00037596,-0.00014885,0.0010636,0.00022782,-8.273e-5,-0.00016033,9.6538e-6
omega_logka,-0.0012202,-0.00039127,0.00022782,0.0036845,6.8512e-5,-0.0001329,-0.00010344
omega_logV,-0.00025111,-8.6305e-6,-8.273e-5,6.8512e-5,0.00078605,-1.0617e-5,-3.5097e-5
omega_logCl,0.00011992,0.00012831,-0.00016033,-0.0001329,-1.0617e-5,0.0006742,-1.2138e-5
b,8.1689e-5,3.236e-5,9.6538e-6,-0.00010344,-3.5097e-5,-1.2138e-5,7.3669e-5
