logka_pop,1,0.21501,-0.16608,-0.083104,-0.052268,0.010836,0.13777
logV_pop,0.21501,1,-0.12186,-0.071042,-0.0034008,0.08873,0.097484
logCl_pop,-0.16608,-0.12186,1,0.05732,-0.10865,-0.1229,0.051125
omega_logka,-0.083104,-0.071042,0.05732,1,0.037378,-0.084822,-0.15966
omega_logV,-0.052268,-0.0034008,-0.10865,0.037378,1,-0.026188,-0.15193
omega_logCl,0.010836,0.08873,-0.1229,-0.084822,-0.026188,1,-0.04294
b,0.13777,0.097484,0.051125,-0.15966,-0.15193,-0.04294,1
