logka_pop,0.0041795,0.00051858,-0.00037903,-0.00035849,-9.6831e-5,1.9677e-5,8.1826e-5
logV_pop,0.00051858,0.0013919,-0.0001605,-0.00017685,-3.6358e-6,9.2981e-5,3.3411e-5
logCl_pop,-0.00037903,-0.0001605,0.0012462,0.00013502,-0.00010991,-0.00012187,1.658e-5
omega_logka,-0.00035849,-0.00017685,0.00013502,0.0044524,7.1471e-5,-0.00015898,-9.7868e-5
omega_logV,-9.6831e-5,-3.6358e-6,-0.00010991,7.1471e-5,0.00082117,-2.1079e-5,-3.9996e-5
omega_logCl,1.9677e-5,9.2981e-5,-0.00012187,-0.00015898,-2.1079e-5,0.00078896,-1.108e-5
b,8.1826e-5,3.3411e-5,1.658e-5,-9.7868e-5,-3.9996e-5,-1.108e-5,8.4396e-5
