logka_pop,1,0.15537,-0.23123,0.10875,0.024613,0.032503,0.046873
logV_pop,0.15537,1,-0.122,-0.1328,-0.027793,0.12431,0.068436
logCl_pop,-0.23123,-0.122,1,0.04065,-0.12891,-0.13572,0.031991
omega_logka,0.10875,-0.1328,0.04065,1,0.033907,-0.1104,-0.12605
omega_logV,0.024613,-0.027793,-0.12891,0.033907,1,-0.041525,-0.1069
omega_logCl,0.032503,0.12431,-0.13572,-0.1104,-0.041525,1,-0.06235
b,0.046873,0.068436,0.031991,-0.12605,-0.1069,-0.06235,1
