logka_pop,0.0087438,0.00055284,-0.00064499,0.00085048,7.0487e-5,6.7292e-5,3.3657e-5
logV_pop,0.00055284,0.001448,-0.00013848,-0.00042261,-3.239e-5,0.00010473,1.9997e-5
logCl_pop,-0.00064499,-0.00013848,0.00088987,0.00010141,-0.00011777,-8.9638e-5,7.3279e-6
omega_logka,0.00085048,-0.00042261,0.00010141,0.0069943,8.6848e-5,-0.00020442,-8.0945e-5
omega_logV,7.0487e-5,-3.239e-5,-0.00011777,8.6848e-5,0.00093798,-2.8157e-5,-2.514e-5
omega_logCl,6.7292e-5,0.00010473,-8.9638e-5,-0.00020442,-2.8157e-5,0.0004902,-1.06e-5
b,3.3657e-5,1.9997e-5,7.3279e-6,-8.0945e-5,-2.514e-5,-1.06e-5,5.8964e-5
