logka_pop,1,0.26928,-0.16824,0.67614,-0.30916,0.1846,0.057891
logV_pop,0.26928,1,-0.12983,0.1013,-0.1194,0.20143,0.080396
logCl_pop,-0.16824,-0.12983,1,-0.039568,-0.058076,-0.17632,0.056061
omega_logka,0.67614,0.1013,-0.039568,1,-0.31032,0.13649,0.023679
omega_logV,-0.30916,-0.1194,-0.058076,-0.31032,1,-0.1208,-0.14356
omega_logCl,0.1846,0.20143,-0.17632,0.13649,-0.1208,1,-0.053762
b,0.057891,0.080396,0.056061,0.023679,-0.14356,-0.053762,1
