logka_pop,0.012638,0.0010828,-0.00067859,0.0083409,-0.001106,0.00059184,5.544e-5
logV_pop,0.0010828,0.0012793,-0.00016661,0.00039757,-0.0001359,0.00020546,2.4496e-5
logCl_pop,-0.00067859,-0.00016661,0.0012873,-0.00015578,-6.6311e-5,-0.00018042,1.7135e-5
omega_logka,0.0083409,0.00039757,-0.00015578,0.012041,-0.0010836,0.00042713,2.2135e-5
omega_logV,-0.001106,-0.0001359,-6.6311e-5,-0.0010836,0.0010127,-0.00010964,-3.8919e-5
omega_logCl,0.00059184,0.00020546,-0.00018042,0.00042713,-0.00010964,0.00081332,-1.3061e-5
b,5.544e-5,2.4496e-5,1.7135e-5,2.2135e-5,-3.8919e-5,-1.3061e-5,7.2568e-5
