logka_pop,1,0.22073,-0.17458,0.32788,-0.031454,0.081386,0.031079
logV_pop,0.22073,1,-0.14857,-0.034292,-0.0017457,0.15743,0.083278
logCl_pop,-0.17458,-0.14857,1,0.040448,-0.11936,-0.14066,0.042507
omega_logka,0.32788,-0.034292,0.040448,1,-0.12683,0.037061,-0.081078
omega_logV,-0.031454,-0.0017457,-0.11936,-0.12683,1,-0.029698,-0.12745
omega_logCl,0.081386,0.15743,-0.14066,0.037061,-0.029698,1,-0.041995
b,0.031079,0.083278,0.042507,-0.081078,-0.12745,-0.041995,1
