logka_pop,0.0074678,0.00060052,-0.00048713,0.0019918,-7.0298e-5,0.00017634,2.1771e-5
logV_pop,0.00060052,0.0009911,-0.00015102,-7.5892e-5,-1.4213e-6,0.00012427,2.1252e-5
logCl_pop,-0.00048713,-0.00015102,0.0010426,9.181e-5,-9.9678e-5,-0.00011388,1.1126e-5
omega_logka,0.0019918,-7.5892e-5,9.181e-5,0.0049417,-0.00023059,6.5321e-5,-4.62e-5
omega_logV,-7.0298e-5,-1.4213e-6,-9.9678e-5,-0.00023059,0.00066888,-1.9258e-5,-2.6718e-5
omega_logCl,0.00017634,0.00012427,-0.00011388,6.5321e-5,-1.9258e-5,0.00062865,-8.535e-6
b,2.1771e-5,2.1252e-5,1.1126e-5,-4.62e-5,-2.6718e-5,-8.535e-6,6.5706e-5
