logka_pop,1,0.18503,-0.13662,0.0086964,-0.013012,0.078922,0.05752
logV_pop,0.18503,1,-0.16583,-0.071733,0.11217,0.14324,0.048585
logCl_pop,-0.13662,-0.16583,1,0.19842,-0.21953,-0.17973,0.047852
omega_logka,0.0086964,-0.071733,0.19842,1,-0.36952,-0.07416,-0.17489
omega_logV,-0.013012,0.11217,-0.21953,-0.36952,1,0.052556,-0.15353
omega_logCl,0.078922,0.14324,-0.17973,-0.07416,0.052556,1,-0.044673
b,0.05752,0.048585,0.047852,-0.17489,-0.15353,-0.044673,1
