logka_pop,0.0046195,0.00035368,-0.00030391,0.00010078,-2.488e-5,0.00013399,3.3245e-5
logV_pop,0.00035368,0.00079095,-0.00015264,-0.00034397,8.8746e-5,0.00010063,1.162e-5
logCl_pop,-0.00030391,-0.00015264,0.0010711,0.0011072,-0.00020213,-0.00014694,1.3318e-5
omega_logka,0.00010078,-0.00034397,0.0011072,0.02907,-0.0017724,-0.00031584,-0.00025357
omega_logV,-2.488e-5,8.8746e-5,-0.00020213,-0.0017724,0.00079146,3.6932e-5,-3.673e-5
omega_logCl,0.00013399,0.00010063,-0.00014694,-0.00031584,3.6932e-5,0.00062395,-9.4894e-6
b,3.3245e-5,1.162e-5,1.3318e-5,-0.00025357,-3.673e-5,-9.4894e-6,7.2315e-5
