logka_pop,1,0.24966,-0.17587,-0.41302,0.045977,0.036639,0.17042
logV_pop,0.24966,1,-0.1959,-0.25026,0.076073,0.12479,0.091354
logCl_pop,-0.17587,-0.1959,1,0.13539,-0.15587,-0.17825,0.036448
omega_logka,-0.41302,-0.25026,0.13539,1,-0.10828,0.011612,-0.26286
omega_logV,0.045977,0.076073,-0.15587,-0.10828,1,-0.019059,-0.09073
omega_logCl,0.036639,0.12479,-0.17825,0.011612,-0.019059,1,-0.10251
b,0.17042,0.091354,0.036448,-0.26286,-0.09073,-0.10251,1
