logka_pop,0.0052924,0.00063466,-0.00049518,-0.0038604,9.1154e-5,7.7946e-5,0.0001141
logV_pop,0.00063466,0.001221,-0.00026493,-0.0011235,7.2445e-5,0.00012752,2.9378e-5
logCl_pop,-0.00049518,-0.00026493,0.0014978,0.00067323,-0.0001644,-0.00020174,1.2982e-5
omega_logka,-0.0038604,-0.0011235,0.00067323,0.016507,-0.00037915,4.3627e-5,-0.0003108
omega_logV,9.1154e-5,7.2445e-5,-0.0001644,-0.00037915,0.00074273,-1.5189e-5,-2.2756e-5
omega_logCl,7.7946e-5,0.00012752,-0.00020174,4.3627e-5,-1.5189e-5,0.00085518,-2.7589e-5
b,0.0001141,2.9378e-5,1.2982e-5,-0.0003108,-2.2756e-5,-2.7589e-5,8.4695e-5
