logka_pop,1,0.18783,-0.18535,-0.0033172,0.031895,0.0049509,0.064118
logV_pop,0.18783,1,-0.16254,-0.24844,0.016638,0.097581,0.11408
logCl_pop,-0.18535,-0.16254,1,0.17378,-0.14572,-0.13124,0.025002
omega_logka,-0.0033172,-0.24844,0.17378,1,-0.13382,-0.012543,-0.14234
omega_logV,0.031895,0.016638,-0.14572,-0.13382,1,0.012115,-0.10838
omega_logCl,0.0049509,0.097581,-0.13124,-0.012543,0.012115,1,-0.10651
b,0.064118,0.11408,0.025002,-0.14234,-0.10838,-0.10651,1
