logka_pop,1,0.17287,-0.14639,0.052822,0.019595,0.048091,0.07268
logV_pop,0.17287,1,-0.10029,-0.069821,-0.044624,0.16958,0.077287
logCl_pop,-0.14639,-0.10029,1,0.056915,-0.13966,-0.12453,0.040794
omega_logka,0.052822,-0.069821,0.056915,1,-0.027303,-0.028654,-0.1505
omega_logV,0.019595,-0.044624,-0.13966,-0.027303,1,-0.091339,-0.1106
omega_logCl,0.048091,0.16958,-0.12453,-0.028654,-0.091339,1,-0.013401
b,0.07268,0.077287,0.040794,-0.1505,-0.1106,-0.013401,1
