logka_pop,1,0.23723,-0.1851,-0.046872,0.023717,0.084278,-0.011831
logV_pop,0.23723,1,-0.1458,-0.063109,0.06578,0.13784,0.031501
logCl_pop,-0.1851,-0.1458,1,0.060742,-0.10528,-0.18238,0.059334
omega_logka,-0.046872,-0.063109,0.060742,1,-0.010514,-0.031457,-0.10561
omega_logV,0.023717,0.06578,-0.10528,-0.010514,1,-0.0092151,-0.11935
omega_logCl,0.084278,0.13784,-0.18238,-0.031457,-0.0092151,1,-0.064935
b,-0.011831,0.031501,0.059334,-0.10561,-0.11935,-0.064935,1
