logka_pop,1,0.11265,-0.065141,-0.0039202,0.025102,-0.0016348,0.0121,0.0035839,0.011101
logV_pop,0.11265,1,-0.04319,0.086795,-0.0026076,-0.042393,0.032551,0.068131,0.026965
logVm_pop,-0.065141,-0.04319,1,0.27937,-0.018682,0.0092907,-0.02682,0.17631,-0.0080788
logKm_pop,-0.0039202,0.086795,0.27937,1,-0.014803,-0.02885,-0.024102,0.35888,-0.022508
omega_logka,0.025102,-0.0026076,-0.018682,-0.014803,1,-0.038464,-0.039211,-0.0058839,-0.066073
omega_logV,-0.0016348,-0.042393,0.0092907,-0.02885,-0.038464,1,-0.0068894,-0.042064,-0.0017142
omega_logVm,0.0121,0.032551,-0.02682,-0.024102,-0.039211,-0.0068894,1,0.0024206,0.0084625
omega_logKm,0.0035839,0.068131,0.17631,0.35888,-0.0058839,-0.042064,0.0024206,1,-0.023955
b,0.011101,0.026965,-0.0080788,-0.022508,-0.066073,-0.0017142,0.0084625,-0.023955,1
