logka_pop,0.0033035,0.00018149,-0.00011814,-1.8906e-5,7.6825e-5,-1.9571e-6,1.8213e-5,1.1857e-5,1.4063e-6
logV_pop,0.00018149,0.00078571,-3.8202e-5,0.00020415,-3.892e-6,-2.4751e-5,2.3894e-5,0.00010992,1.666e-6
logVm_pop,-0.00011814,-3.8202e-5,0.00099573,0.00073971,-3.1391e-5,6.1064e-6,-2.2163e-5,0.00032023,-5.6189e-7
logKm_pop,-1.8906e-5,0.00020415,0.00073971,0.007041,-6.614e-5,-5.0423e-5,-5.2963e-5,0.0017333,-4.1628e-6
omega_logka,7.6825e-5,-3.892e-6,-3.1391e-5,-6.614e-5,0.0028354,-4.266e-5,-5.4678e-5,-1.8034e-5,-7.7546e-6
omega_logV,-1.9571e-6,-2.4751e-5,6.1064e-6,-5.0423e-5,-4.266e-5,0.00043384,-3.7578e-6,-5.043e-5,-7.8698e-8
omega_logVm,1.8213e-5,2.3894e-5,-2.2163e-5,-5.2963e-5,-5.4678e-5,-3.7578e-6,0.00068579,3.6486e-6,4.8846e-7
omega_logKm,1.1857e-5,0.00010992,0.00032023,0.0017333,-1.8034e-5,-5.043e-5,3.6486e-6,0.0033131,-3.0391e-6
b,1.4063e-6,1.666e-6,-5.6189e-7,-4.1628e-6,-7.7546e-6,-7.8698e-8,4.8846e-7,-3.0391e-6,4.8581e-6
