logka_pop,1,0.22161,-0.258,-0.077051,0.020043,0.024494,0.099803
logV_pop,0.22161,1,-0.11955,-0.034112,-0.070512,0.1019,0.10959
logCl_pop,-0.258,-0.11955,1,0.035343,-0.13696,-0.084127,0.04013
omega_logka,-0.077051,-0.034112,0.035343,1,-0.004511,0.011719,-0.064413
omega_logV,0.020043,-0.070512,-0.13696,-0.004511,1,-0.062158,-0.15789
omega_logCl,0.024494,0.1019,-0.084127,0.011719,-0.062158,1,-0.060278
b,0.099803,0.10959,0.04013,-0.064413,-0.15789,-0.060278,1
