logka_pop,1,0.22755,-0.17168,-0.20607,-0.081338,0.096146,0.14894
logV_pop,0.22755,1,-0.15607,-0.1415,-0.021003,0.14845,0.059619
logCl_pop,-0.17168,-0.15607,1,0.10678,-0.12439,-0.2069,0.058664
omega_logka,-0.20607,-0.1415,0.10678,1,-0.018852,-0.083073,-0.12968
omega_logV,-0.081338,-0.021003,-0.12439,-0.018852,1,-0.019461,-0.10516
omega_logCl,0.096146,0.14845,-0.2069,-0.083073,-0.019461,1,-0.06687
b,0.14894,0.059619,0.058664,-0.12968,-0.10516,-0.06687,1
