logka_pop,0.0052456,0.0006177,-0.00044551,-0.0010068,-0.00016826,0.00019714,9.0302e-5
logV_pop,0.0006177,0.0014047,-0.00020958,-0.00035776,-2.2483e-5,0.00015752,1.8706e-5
logCl_pop,-0.00044551,-0.00020958,0.0012837,0.00025809,-0.00012729,-0.00020987,1.7596e-5
omega_logka,-0.0010068,-0.00035776,0.00025809,0.0045508,-3.6322e-5,-0.00015865,-7.3237e-5
omega_logV,-0.00016826,-2.2483e-5,-0.00012729,-3.6322e-5,0.00081576,-1.5736e-5,-2.5143e-5
omega_logCl,0.00019714,0.00015752,-0.00020987,-0.00015865,-1.5736e-5,0.00080145,-1.5848e-5
b,9.0302e-5,1.8706e-5,1.7596e-5,-7.3237e-5,-2.5143e-5,-1.5848e-5,7.0081e-5
