logka_pop,1,0.39159,-0.3219,-0.37405,0.076109,0.1365,0.11893
logV_pop,0.39159,1,-0.28422,-0.37752,0.13153,0.19711,0.11711
logCl_pop,-0.3219,-0.28422,1,0.33322,-0.18477,-0.24262,0.0088586
omega_logka,-0.37405,-0.37752,0.33322,1,-0.19547,-0.20511,-0.22378
omega_logV,0.076109,0.13153,-0.18477,-0.19547,1,0.048368,-0.11104
omega_logCl,0.1365,0.19711,-0.24262,-0.20511,0.048368,1,-0.086349
b,0.11893,0.11711,0.0088586,-0.22378,-0.11104,-0.086349,1
