logka_pop,0.008312,0.001221,-0.00096313,-0.0066349,0.00017809,0.00030855,9.8192e-5
logV_pop,0.001221,0.0011696,-0.000319,-0.002512,0.00011546,0.00016715,3.627e-5
logCl_pop,-0.00096313,-0.000319,0.001077,0.0021275,-0.00015563,-0.00019742,2.6328e-6
omega_logka,-0.0066349,-0.002512,0.0021275,0.037852,-0.00097605,-0.00098942,-0.00039428
omega_logV,0.00017809,0.00011546,-0.00015563,-0.00097605,0.00065872,3.0779e-5,-2.5808e-5
omega_logCl,0.00030855,0.00016715,-0.00019742,-0.00098942,3.0779e-5,0.00061477,-1.9389e-5
b,9.8192e-5,3.627e-5,2.6328e-6,-0.00039428,-2.5808e-5,-1.9389e-5,8.2011e-5
