logka_pop,1,0.27739,-0.14414,0.33737,-0.070325,0.026259,0.087545
logV_pop,0.27739,1,-0.1865,-0.089624,0.15047,0.071521,0.056464
logCl_pop,-0.14414,-0.1865,1,0.17431,-0.26028,-0.042678,0.064916
omega_logka,0.33737,-0.089624,0.17431,1,-0.50202,0.12139,0.075173
omega_logV,-0.070325,0.15047,-0.26028,-0.50202,1,-0.22697,-0.25116
omega_logCl,0.026259,0.071521,-0.042678,0.12139,-0.22697,1,0.021215
b,0.087545,0.056464,0.064916,0.075173,-0.25116,0.021215,1
