logka_pop,0.0088705,0.00082473,-0.00049206,0.0036356,-0.00027683,6.7569e-5,6.6495e-5
logV_pop,0.00082473,0.00099652,-0.00021339,-0.00032371,0.00019853,6.1684e-5,1.4375e-5
logCl_pop,-0.00049206,-0.00021339,0.0013137,0.00072287,-0.00039431,-4.2263e-5,1.8975e-5
omega_logka,0.0036356,-0.00032371,0.00072287,0.013091,-0.0024008,0.00037947,6.9365e-5
omega_logV,-0.00027683,0.00019853,-0.00039431,-0.0024008,0.0017469,-0.00025918,-8.4659e-5
omega_logCl,6.7569e-5,6.1684e-5,-4.2263e-5,0.00037947,-0.00025918,0.00074644,4.6743e-6
b,6.6495e-5,1.4375e-5,1.8975e-5,6.9365e-5,-8.4659e-5,4.6743e-6,6.5039e-5
