logka_pop,0.011599,0.00081949,-0.00098185,0.0011455,-4.2873e-5,0.00023947,7.1468e-5
logV_pop,0.00081949,0.0014749,-0.00024561,-0.00054171,3.353e-5,0.00015879,2.4861e-5
logCl_pop,-0.00098185,-0.00024561,0.0012286,0.0001832,-0.00011722,-0.00019741,1.7026e-5
omega_logka,0.0011455,-0.00054171,0.0001832,0.0086994,1.4964e-6,-0.000155,-9.8769e-5
omega_logV,-4.2873e-5,3.353e-5,-0.00011722,1.4964e-6,0.0009338,1.649e-5,-4.1638e-5
omega_logCl,0.00023947,0.00015879,-0.00019741,-0.000155,1.649e-5,0.00076396,-2.6796e-5
b,7.1468e-5,2.4861e-5,1.7026e-5,-9.8769e-5,-4.1638e-5,-2.6796e-5,7.8718e-5
