logka_pop,1,0.28597,-0.23108,0.23829,0.052779,0.043745,0.064404
logV_pop,0.28597,1,-0.16326,0.080958,-0.010148,0.14225,0.033536
logCl_pop,-0.23108,-0.16326,1,0.027371,-0.15459,-0.17551,0.069035
omega_logka,0.23829,0.080958,0.027371,1,0.058905,-0.044736,-0.079196
omega_logV,0.052779,-0.010148,-0.15459,0.058905,1,-0.059248,-0.16671
omega_logCl,0.043745,0.14225,-0.17551,-0.044736,-0.059248,1,-0.076513
b,0.064404,0.033536,0.069035,-0.079196,-0.16671,-0.076513,1
