logka_pop,0.0075289,0.00099752,-0.00065516,0.0020158,0.00015515,9.5432e-5,4.7912e-5
logV_pop,0.00099752,0.0016161,-0.00021446,0.0003173,-1.382e-5,0.00014377,1.1559e-5
logCl_pop,-0.00065516,-0.00021446,0.0010677,8.7193e-5,-0.00017112,-0.00014418,1.934e-5
omega_logka,0.0020158,0.0003173,8.7193e-5,0.0095049,0.00019455,-0.00010965,-6.6198e-5
omega_logV,0.00015515,-1.382e-5,-0.00017112,0.00019455,0.0011477,-5.0465e-5,-4.8421e-5
omega_logCl,9.5432e-5,0.00014377,-0.00014418,-0.00010965,-5.0465e-5,0.00063212,-1.6493e-5
b,4.7912e-5,1.1559e-5,1.934e-5,-6.6198e-5,-4.8421e-5,-1.6493e-5,7.3508e-5
