logka_pop,1,0.17236,-0.16892,0.25218,0.051514,0.042415,0.02843
logV_pop,0.17236,1,-0.08329,-0.062877,-0.028502,0.10495,0.082914
logCl_pop,-0.16892,-0.08329,1,0.017097,-0.10829,-0.15462,0.02875
omega_logka,0.25218,-0.062877,0.017097,1,-0.02251,0.0048601,-0.22873
omega_logV,0.051514,-0.028502,-0.10829,-0.02251,1,0.03047,-0.084857
omega_logCl,0.042415,0.10495,-0.15462,0.0048601,0.03047,1,-0.11981
b,0.02843,0.082914,0.02875,-0.22873,-0.084857,-0.11981,1
