logka_pop,0.0049486,0.00038802,-0.00034296,0.0012116,9.4353e-5,6.7863e-5,1.599e-5
logV_pop,0.00038802,0.0010242,-7.6928e-5,-0.00013743,-2.3749e-5,7.6392e-5,2.1215e-5
logCl_pop,-0.00034296,-7.6928e-5,0.00083296,3.3699e-5,-8.1376e-5,-0.0001015,6.6342e-6
omega_logka,0.0012116,-0.00013743,3.3699e-5,0.0046644,-4.0027e-5,7.5493e-6,-0.0001249
omega_logV,9.4353e-5,-2.3749e-5,-8.1376e-5,-4.0027e-5,0.00067792,1.8044e-5,-1.7665e-5
omega_logCl,6.7863e-5,7.6392e-5,-0.0001015,7.5493e-6,1.8044e-5,0.0005173,-2.1787e-5
b,1.599e-5,2.1215e-5,6.6342e-6,-0.0001249,-1.7665e-5,-2.1787e-5,6.3924e-5
