logka_pop,1,0.19658,-0.18748,-0.17172,0.041196,0.076172,0.053249
logV_pop,0.19658,1,-0.1164,-0.060047,-0.098488,0.19046,0.0489
logCl_pop,-0.18748,-0.1164,1,0.085405,-0.13518,-0.15135,0.072746
omega_logka,-0.17172,-0.060047,0.085405,1,-0.056253,-0.047039,-0.21073
omega_logV,0.041196,-0.098488,-0.13518,-0.056253,1,-0.017383,-0.16446
omega_logCl,0.076172,0.19046,-0.15135,-0.047039,-0.017383,1,-0.10394
b,0.053249,0.0489,0.072746,-0.21073,-0.16446,-0.10394,1
