logka_pop,0.005879,0.00049384,-0.00043623,-0.0011112,8.881e-5,0.00014298,3.6101e-5
logV_pop,0.00049384,0.0010734,-0.00011573,-0.00016603,-9.0723e-5,0.00015276,1.4166e-5
logCl_pop,-0.00043623,-0.00011573,0.00092086,0.00021872,-0.00011533,-0.00011244,1.9519e-5
omega_logka,-0.0011112,-0.00016603,0.00021872,0.0071223,-0.00013348,-9.7185e-5,-0.00015725
omega_logV,8.881e-5,-9.0723e-5,-0.00011533,-0.00013348,0.00079049,-1.1965e-5,-4.0884e-5
omega_logCl,0.00014298,0.00015276,-0.00011244,-9.7185e-5,-1.1965e-5,0.00059933,-2.25e-5
b,3.6101e-5,1.4166e-5,1.9519e-5,-0.00015725,-4.0884e-5,-2.25e-5,7.8183e-5
