logka_pop,1,0.23678,-0.2357,-0.024716,0.083173,0.07981,0.059492
logV_pop,0.23678,1,-0.16842,-0.06042,0.0093062,0.12139,0.044171
logCl_pop,-0.2357,-0.16842,1,0.0116,-0.14718,-0.13894,0.07533
omega_logka,-0.024716,-0.06042,0.0116,1,0.07842,-0.045484,-0.17908
omega_logV,0.083173,0.0093062,-0.14718,0.07842,1,-0.056368,-0.14052
omega_logCl,0.07981,0.12139,-0.13894,-0.045484,-0.056368,1,-0.080232
b,0.059492,0.044171,0.07533,-0.17908,-0.14052,-0.080232,1
