logka_pop,0.0080789,0.00078984,-0.00076627,-0.00014468,0.00022549,0.00019603,4.8171e-5
logV_pop,0.00078984,0.0013773,-0.00022607,-0.00014603,1.0418e-5,0.00012311,1.4768e-5
logCl_pop,-0.00076627,-0.00022607,0.0013082,2.7325e-5,-0.00016057,-0.00013733,2.4545e-5
omega_logka,-0.00014468,-0.00014603,2.7325e-5,0.0042412,0.00015404,-8.0944e-5,-0.00010506
omega_logV,0.00022549,1.0418e-5,-0.00016057,0.00015404,0.0009098,-4.6461e-5,-3.8182e-5
omega_logCl,0.00019603,0.00012311,-0.00013733,-8.0944e-5,-4.6461e-5,0.00074672,-1.9751e-5
b,4.8171e-5,1.4768e-5,2.4545e-5,-0.00010506,-3.8182e-5,-1.9751e-5,8.1154e-5
