logka_pop,1,0.35731,-0.065908,0.66099,0.13134,0.022313,-0.08923
logV_pop,0.35731,1,-0.089889,0.22643,0.19648,0.13057,-0.037513
logCl_pop,-0.065908,-0.089889,1,0.038339,-0.11239,-0.12675,0.057037
omega_logka,0.66099,0.22643,0.038339,1,0.21176,-0.016846,-0.19709
omega_logV,0.13134,0.19648,-0.11239,0.21176,1,0.024341,-0.25558
omega_logCl,0.022313,0.13057,-0.12675,-0.016846,0.024341,1,-0.080168
b,-0.08923,-0.037513,0.057037,-0.19709,-0.25558,-0.080168,1
