logka_pop,0.0040211,0.00077627,-0.00012732,0.0057478,0.00027377,3.4443e-5,-5.007e-5
logV_pop,0.00077627,0.0011738,-9.3815e-5,0.0010638,0.00022127,0.0001089,-1.1373e-5
logCl_pop,-0.00012732,-9.3815e-5,0.00092802,0.00016016,-0.00011254,-9.3996e-5,1.5375e-5
omega_logka,0.0057478,0.0010638,0.00016016,0.018805,0.00095454,-5.6235e-5,-0.00023916
omega_logV,0.00027377,0.00022127,-0.00011254,0.00095454,0.0010805,1.9477e-5,-7.4341e-5
omega_logCl,3.4443e-5,0.0001089,-9.3996e-5,-5.6235e-5,1.9477e-5,0.00059257,-1.7269e-5
b,-5.007e-5,-1.1373e-5,1.5375e-5,-0.00023916,-7.4341e-5,-1.7269e-5,7.8304e-5
