logka_pop,1,0.21129,-0.20469,0.071359,-0.023209,0.096259,0.071766
logV_pop,0.21129,1,-0.1793,-0.055608,0.035159,0.11601,0.093666
logCl_pop,-0.20469,-0.1793,1,0.073208,-0.16797,-0.15732,0.073576
omega_logka,0.071359,-0.055608,0.073208,1,-0.19178,-0.073433,-0.0099405
omega_logV,-0.023209,0.035159,-0.16797,-0.19178,1,-0.028688,-0.17907
omega_logCl,0.096259,0.11601,-0.15732,-0.073433,-0.028688,1,-0.10156
b,0.071766,0.093666,0.073576,-0.0099405,-0.17907,-0.10156,1
