logka_pop,0.0095431,0.00070917,-0.0006335,0.00067941,-6.695e-5,0.00023716,6.5443e-5
logV_pop,0.00070917,0.0011804,-0.00019516,-0.00018621,3.5671e-5,0.00010053,3.004e-5
logCl_pop,-0.0006335,-0.00019516,0.0010037,0.00022605,-0.00015714,-0.0001257,2.1759e-5
omega_logka,0.00067941,-0.00018621,0.00022605,0.009499,-0.00055195,-0.00018051,-9.0437e-6
omega_logV,-6.695e-5,3.5671e-5,-0.00015714,-0.00055195,0.00087196,-2.1365e-5,-4.9358e-5
omega_logCl,0.00023716,0.00010053,-0.0001257,-0.00018051,-2.1365e-5,0.0006361,-2.391e-5
b,6.5443e-5,3.004e-5,2.1759e-5,-9.0437e-6,-4.9358e-5,-2.391e-5,8.7135e-5
