logka_pop,1,0.035473,-0.1261,0.27912,0.010383,-0.077544,0.030019
logV_pop,0.035473,1,-0.18244,-0.33032,-0.010948,0.17678,0.14502
logCl_pop,-0.1261,-0.18244,1,0.21585,-0.14021,-0.19188,-0.020571
omega_logka,0.27912,-0.33032,0.21585,1,-0.078005,-0.26795,-0.22734
omega_logV,0.010383,-0.010948,-0.14021,-0.078005,1,-0.014919,-0.063888
omega_logCl,-0.077544,0.17678,-0.19188,-0.26795,-0.014919,1,-0.044249
b,0.030019,0.14502,-0.020571,-0.22734,-0.063888,-0.044249,1
