logka_pop,0.013012,0.00016915,-0.00055032,0.0058458,3.9371e-5,-0.00026949,2.9539e-5
logV_pop,0.00016915,0.0017474,-0.00029178,-0.0025351,-1.5212e-5,0.00022513,5.2292e-5
logCl_pop,-0.00055032,-0.00029178,0.0014637,0.0015162,-0.00017831,-0.00022365,-6.7889e-6
omega_logka,0.0058458,-0.0025351,0.0015162,0.033708,-0.00047604,-0.0014988,-0.00036005
omega_logV,3.9371e-5,-1.5212e-5,-0.00017831,-0.00047604,0.0011049,-1.5108e-5,-1.8319e-5
omega_logCl,-0.00026949,0.00022513,-0.00022365,-0.0014988,-1.5108e-5,0.0009282,-1.1629e-5
b,2.9539e-5,5.2292e-5,-6.7889e-6,-0.00036005,-1.8319e-5,-1.1629e-5,7.4413e-5
