logka_pop,1,0.2168,-0.14642,-0.055023,0.046261,0.032102,0.0093849
logV_pop,0.2168,1,-0.1373,-0.078682,0.033317,0.18144,0.034006
logCl_pop,-0.14642,-0.1373,1,0.0073645,-0.13537,-0.18715,0.087801
omega_logka,-0.055023,-0.078682,0.0073645,1,0.025849,-0.024676,-0.12293
omega_logV,0.046261,0.033317,-0.13537,0.025849,1,-0.028451,-0.11697
omega_logCl,0.032102,0.18144,-0.18715,-0.024676,-0.028451,1,-0.085539
b,0.0093849,0.034006,0.087801,-0.12293,-0.11697,-0.085539,1
