logka_pop,1,0.50013,-0.48502,-0.82578,0.19074,0.26937,0.16176
logV_pop,0.50013,1,-0.30601,-0.4865,0.035993,0.26818,0.16527
logCl_pop,-0.48502,-0.30601,1,0.46412,-0.22478,-0.24598,-0.0094897
omega_logka,-0.82578,-0.4865,0.46412,1,-0.21406,-0.30118,-0.15471
omega_logV,0.19074,0.035993,-0.22478,-0.21406,1,0.016213,-0.12629
omega_logCl,0.26937,0.26818,-0.24598,-0.30118,0.016213,1,-0.024238
b,0.16176,0.16527,-0.0094897,-0.15471,-0.12629,-0.024238,1
