logka_pop,0.020203,0.0029254,-0.0025188,-0.026742,0.00084108,0.0010373,0.00020139
logV_pop,0.0029254,0.0016935,-0.0004601,-0.0045613,4.5951e-5,0.00029899,5.9573e-5
logCl_pop,-0.0025188,-0.0004601,0.0013349,0.0038635,-0.00025478,-0.00024348,-3.037e-6
omega_logka,-0.026742,-0.0045613,0.0038635,0.051908,-0.001513,-0.001859,-0.00030875
omega_logV,0.00084108,4.5951e-5,-0.00025478,-0.001513,0.00096244,1.3627e-5,-3.4317e-5
omega_logCl,0.0010373,0.00029899,-0.00024348,-0.001859,1.3627e-5,0.00073396,-5.7516e-6
b,0.00020139,5.9573e-5,-3.037e-6,-0.00030875,-3.4317e-5,-5.7516e-6,7.6723e-5
