logka_pop,1,0.076951,-0.21934,0.68595,0.28066,0.016589,-0.13946
logV_pop,0.076951,1,-0.1335,-0.10558,0.037163,0.17832,0.05286
logCl_pop,-0.21934,-0.1335,1,-0.12667,-0.23179,-0.114,0.10067
omega_logka,0.68595,-0.10558,-0.12667,1,0.28841,-0.052356,-0.20676
omega_logV,0.28066,0.037163,-0.23179,0.28841,1,-0.094417,-0.17737
omega_logCl,0.016589,0.17832,-0.114,-0.052356,-0.094417,1,-0.080078
b,-0.13946,0.05286,0.10067,-0.20676,-0.17737,-0.080078,1
