logka_pop,0.0095355,0.00025557,-0.00069268,0.0070898,0.00086892,4.2428e-5,-0.00012635
logV_pop,0.00025557,0.0011568,-0.00014685,-0.0003801,4.0075e-5,0.00015885,1.6681e-5
logCl_pop,-0.00069268,-0.00014685,0.0010459,-0.00043361,-0.00023767,-9.656e-5,3.0206e-5
omega_logka,0.0070898,-0.0003801,-0.00043361,0.011203,0.00096785,-0.00014514,-0.00020304
omega_logV,0.00086892,4.0075e-5,-0.00023767,0.00096785,0.0010052,-7.8402e-5,-5.2174e-5
omega_logCl,4.2428e-5,0.00015885,-9.656e-5,-0.00014514,-7.8402e-5,0.00068595,-1.9458e-5
b,-0.00012635,1.6681e-5,3.0206e-5,-0.00020304,-5.2174e-5,-1.9458e-5,8.608e-5
