logka_pop,1,0.2721,-0.20566,-0.13698,-0.02801,0.060618,0.069445
logV_pop,0.2721,1,-0.15825,-0.13849,-0.042958,0.092737,0.13004
logCl_pop,-0.20566,-0.15825,1,0.081893,-0.095969,-0.10555,0.0059431
omega_logka,-0.13698,-0.13849,0.081893,1,-0.021671,0.017767,-0.13615
omega_logV,-0.02801,-0.042958,-0.095969,-0.021671,1,-0.054202,-0.17654
omega_logCl,0.060618,0.092737,-0.10555,0.017767,-0.054202,1,-0.07333
b,0.069445,0.13004,0.0059431,-0.13615,-0.17654,-0.07333,1
