logka_pop,0.0050503,0.00070613,-0.00051589,-0.00067848,-5.7897e-5,0.00011652,4.338e-5
logV_pop,0.00070613,0.0013335,-0.00020397,-0.00035249,-4.5626e-5,9.1601e-5,4.1742e-5
logCl_pop,-0.00051589,-0.00020397,0.0012459,0.00020147,-9.8527e-5,-0.00010077,1.8439e-6
omega_logka,-0.00067848,-0.00035249,0.00020147,0.0048578,-4.3931e-5,3.3495e-5,-8.3415e-5
omega_logV,-5.7897e-5,-4.5626e-5,-9.8527e-5,-4.3931e-5,0.00084598,-4.2643e-5,-4.5135e-5
omega_logCl,0.00011652,9.1601e-5,-0.00010077,3.3495e-5,-4.2643e-5,0.00073165,-1.7435e-5
b,4.338e-5,4.1742e-5,1.8439e-6,-8.3415e-5,-4.5135e-5,-1.7435e-5,7.7265e-5
