logka_pop,1,0.12472,-0.083636,-0.10257,-0.07213,-0.012429,0.1698
logV_pop,0.12472,1,-0.13447,-0.12996,0.034467,0.14067,0.095547
logCl_pop,-0.083636,-0.13447,1,0.061614,-0.10028,-0.15206,0.006227
omega_logka,-0.10257,-0.12996,0.061614,1,0.016518,-0.0082202,-0.1314
omega_logV,-0.07213,0.034467,-0.10028,0.016518,1,-0.02418,-0.10015
omega_logCl,-0.012429,0.14067,-0.15206,-0.0082202,-0.02418,1,-0.059313
b,0.1698,0.095547,0.006227,-0.1314,-0.10015,-0.059313,1
