logka_pop,1,0.19758,-0.1447,0.13933,-0.1226,0.053013,0.095524
logV_pop,0.19758,1,-0.11214,-0.03887,0.039478,0.11798,0.05511
logCl_pop,-0.1447,-0.11214,1,0.058574,-0.10305,-0.11058,0.028909
omega_logka,0.13933,-0.03887,0.058574,1,-0.20953,-0.017247,-0.080068
omega_logV,-0.1226,0.039478,-0.10305,-0.20953,1,-0.029412,-0.12795
omega_logCl,0.053013,0.11798,-0.11058,-0.017247,-0.029412,1,-0.1054
b,0.095524,0.05511,0.028909,-0.080068,-0.12795,-0.1054,1
