logka_pop,0.005816,0.00051611,-0.00034838,0.00085541,-0.00029573,0.00010331,6.4835e-5
logV_pop,0.00051611,0.0011732,-0.00012125,-0.00010718,4.2768e-5,0.00010326,1.68e-5
logCl_pop,-0.00034838,-0.00012125,0.00099663,0.00014886,-0.0001029,-8.9198e-5,8.1224e-6
omega_logka,0.00085541,-0.00010718,0.00014886,0.0064805,-0.00053351,-3.5477e-5,-5.7365e-5
omega_logV,-0.00029573,4.2768e-5,-0.0001029,-0.00053351,0.0010004,-2.377e-5,-3.6018e-5
omega_logCl,0.00010331,0.00010326,-8.9198e-5,-3.5477e-5,-2.377e-5,0.00065292,-2.397e-5
b,6.4835e-5,1.68e-5,8.1224e-6,-5.7365e-5,-3.6018e-5,-2.397e-5,7.9209e-5
