logka_pop,1,0.21456,-0.13471,0.05114,-0.042982,0.030948,0.099266
logV_pop,0.21456,1,-0.12116,-0.065497,0.038584,0.13208,0.072957
logCl_pop,-0.13471,-0.12116,1,0.055246,-0.16006,-0.12564,0.076136
omega_logka,0.05114,-0.065497,0.055246,1,-0.1574,-0.074476,0.050224
omega_logV,-0.042982,0.038584,-0.16006,-0.1574,1,-0.031635,-0.28258
omega_logCl,0.030948,0.13208,-0.12564,-0.074476,-0.031635,1,-0.057686
b,0.099266,0.072957,0.076136,0.050224,-0.28258,-0.057686,1
