logka_pop,1,0.24442,-0.11462,0.10519,-0.016731,0.072029,0.054647
logV_pop,0.24442,1,-0.19149,0.0047176,0.038462,0.18552,0.020671
logCl_pop,-0.11462,-0.19149,1,0.017873,-0.092275,-0.23681,0.096537
omega_logka,0.10519,0.0047176,0.017873,1,-0.036954,-0.072097,-0.019517
omega_logV,-0.016731,0.038462,-0.092275,-0.036954,1,-0.01027,-0.18237
omega_logCl,0.072029,0.18552,-0.23681,-0.072097,-0.01027,1,-0.097144
b,0.054647,0.020671,0.096537,-0.019517,-0.18237,-0.097144,1
