logka_pop,0.0038686,0.00044853,-0.00025762,0.000362,-2.6176e-5,0.00012944,2.9259e-5
logV_pop,0.00044853,0.00087046,-0.00020416,7.7015e-6,2.8545e-5,0.00015815,5.2499e-6
logCl_pop,-0.00025762,-0.00020416,0.0013059,3.5738e-5,-8.3882e-5,-0.00024727,3.0031e-5
omega_logka,0.000362,7.7015e-6,3.5738e-5,0.0030617,-5.1435e-5,-0.00011526,-9.2963e-6
omega_logV,-2.6176e-5,2.8545e-5,-8.3882e-5,-5.1435e-5,0.00063276,-7.4644e-6,-3.9489e-5
omega_logCl,0.00012944,0.00015815,-0.00024727,-0.00011526,-7.4644e-6,0.00083483,-2.4162e-5
b,2.9259e-5,5.2499e-6,3.0031e-5,-9.2963e-6,-3.9489e-5,-2.4162e-5,7.4101e-5
