logka_pop,1,0.30969,-0.27398,0.48326,-0.0036921,0.11915,0.087038
logV_pop,0.30969,1,-0.16977,0.064581,0.056002,0.21292,0.065882
logCl_pop,-0.27398,-0.16977,1,-0.10587,-0.15399,-0.15302,0.062816
omega_logka,0.48326,0.064581,-0.10587,1,-0.044014,0.094471,-0.055186
omega_logV,-0.0036921,0.056002,-0.15399,-0.044014,1,-0.007099,-0.16856
omega_logCl,0.11915,0.21292,-0.15302,0.094471,-0.007099,1,-0.096374
b,0.087038,0.065882,0.062816,-0.055186,-0.16856,-0.096374,1
