logka_pop,0.013514,0.0013339,-0.0010224,0.0064441,-1.2763e-5,0.00035669,9.7412e-5
logV_pop,0.0013339,0.0013728,-0.00020192,0.00027448,6.1701e-5,0.00020317,2.3501e-5
logCl_pop,-0.0010224,-0.00020192,0.0010304,-0.00038984,-0.00014699,-0.00012649,1.9413e-5
omega_logka,0.0064441,0.00027448,-0.00038984,0.013158,-0.00015013,0.00027907,-6.0944e-5
omega_logV,-1.2763e-5,6.1701e-5,-0.00014699,-0.00015013,0.00088421,-5.4363e-6,-4.8256e-5
omega_logCl,0.00035669,0.00020317,-0.00012649,0.00027907,-5.4363e-6,0.00066321,-2.3895e-5
b,9.7412e-5,2.3501e-5,1.9413e-5,-6.0944e-5,-4.8256e-5,-2.3895e-5,9.2688e-5
