logka_pop,1,0.19662,-0.17782,-0.22195,0.039017,0.036456,0.1087
logV_pop,0.19662,1,-0.12025,-0.13279,-0.04859,0.17015,0.056644
logCl_pop,-0.17782,-0.12025,1,0.085316,-0.12601,-0.16533,0.063555
omega_logka,-0.22195,-0.13279,0.085316,1,0.076207,-0.045169,-0.16798
omega_logV,0.039017,-0.04859,-0.12601,0.076207,1,-0.026984,-0.12143
omega_logCl,0.036456,0.17015,-0.16533,-0.045169,-0.026984,1,-0.12268
b,0.1087,0.056644,0.063555,-0.16798,-0.12143,-0.12268,1
