logka_pop,0.0077297,0.00067865,-0.00055382,-0.0013723,0.00010319,9.0511e-5,8.6872e-5
logV_pop,0.00067865,0.0015412,-0.00016723,-0.00036661,-5.7384e-5,0.00018862,2.0214e-5
logCl_pop,-0.00055382,-0.00016723,0.0012549,0.00021254,-0.00013428,-0.00016539,2.0465e-5
omega_logka,-0.0013723,-0.00036661,0.00021254,0.0049457,0.00016122,-8.9702e-5,-0.00010738
omega_logV,0.00010319,-5.7384e-5,-0.00013428,0.00016122,0.00090497,-2.2923e-5,-3.3206e-5
omega_logCl,9.0511e-5,0.00018862,-0.00016539,-8.9702e-5,-2.2923e-5,0.00079743,-3.1492e-5
b,8.6872e-5,2.0214e-5,2.0465e-5,-0.00010738,-3.3206e-5,-3.1492e-5,8.2628e-5
