logka_pop,1,0.10603,-0.14309,0.1798,0.039773,0.019,0.031993
logV_pop,0.10603,1,-0.089275,-0.097786,-0.021087,0.11565,0.067995
logCl_pop,-0.14309,-0.089275,1,0.061845,-0.14308,-0.10513,0.038975
omega_logka,0.1798,-0.097786,0.061845,1,-0.032219,-0.010931,-0.1286
omega_logV,0.039773,-0.021087,-0.14308,-0.032219,1,-0.046785,-0.16316
omega_logCl,0.019,0.11565,-0.10513,-0.010931,-0.046785,1,-0.018365
b,0.031993,0.067995,0.038975,-0.1286,-0.16316,-0.018365,1
