logka_pop,0.0082724,0.000373,-0.00044084,0.0015559,0.00011279,4.4625e-5,2.3869e-5
logV_pop,0.000373,0.0014961,-0.00011697,-0.00035986,-2.5431e-5,0.00011552,2.1573e-5
logCl_pop,-0.00044084,-0.00011697,0.0011474,0.00019931,-0.00015112,-9.1964e-5,1.0829e-5
omega_logka,0.0015559,-0.00035986,0.00019931,0.0090522,-9.5577e-5,-2.6857e-5,-0.00010036
omega_logV,0.00011279,-2.5431e-5,-0.00015112,-9.5577e-5,0.00097213,-3.7669e-5,-4.1729e-5
omega_logCl,4.4625e-5,0.00011552,-9.1964e-5,-2.6857e-5,-3.7669e-5,0.00066686,-3.8902e-6
b,2.3869e-5,2.1573e-5,1.0829e-5,-0.00010036,-4.1729e-5,-3.8902e-6,6.7283e-5
