logka_pop,1,0.20324,-0.17486,0.10036,-0.003242,0.030631,0.063331
logV_pop,0.20324,1,-0.17587,-0.011535,0.031402,0.10931,0.048973
logCl_pop,-0.17486,-0.17587,1,0.11867,-0.18082,-0.18693,0.062868
omega_logka,0.10036,-0.011535,0.11867,1,-0.22147,-0.11584,0.04711
omega_logV,-0.003242,0.031402,-0.18082,-0.22147,1,-0.014986,-0.10642
omega_logCl,0.030631,0.10931,-0.18693,-0.11584,-0.014986,1,-0.11166
b,0.063331,0.048973,0.062868,0.04711,-0.10642,-0.11166,1
