logka_pop,0.005317,0.00051862,-0.00042812,0.00081253,-6.9345e-6,5.9411e-5,3.8745e-5
logV_pop,0.00051862,0.0012246,-0.00020665,-4.4817e-5,3.2235e-5,0.00010175,1.4379e-5
logCl_pop,-0.00042812,-0.00020665,0.0011275,0.0004424,-0.0001781,-0.00016696,1.7711e-5
omega_logka,0.00081253,-4.4817e-5,0.0004424,0.012327,-0.0007213,-0.0003421,4.3884e-5
omega_logV,-6.9345e-6,3.2235e-5,-0.0001781,-0.0007213,0.0008605,-1.1693e-5,-2.6193e-5
omega_logCl,5.9411e-5,0.00010175,-0.00016696,-0.0003421,-1.1693e-5,0.00070752,-2.492e-5
b,3.8745e-5,1.4379e-5,1.7711e-5,4.3884e-5,-2.6193e-5,-2.492e-5,7.0395e-5
