logka_pop,1,0.059602,0.031254,0.0347,0.0085109,0.00065744,0.0031026
logV_pop,0.059602,1,0.033577,-0.00097925,0.00216,0.0013451,0.036514
logCl_pop,0.031254,0.033577,1,-0.001219,-0.0046521,-0.010246,0.037093
omega_logka,0.0347,-0.00097925,-0.001219,1,-0.0070293,0.0078759,-0.026971
omega_logV,0.0085109,0.00216,-0.0046521,-0.0070293,1,0.0012318,-0.0082626
omega_logCl,0.00065744,0.0013451,-0.010246,0.0078759,0.0012318,1,-0.01119
b,0.0031026,0.036514,0.037093,-0.026971,-0.0082626,-0.01119,1
