logka_pop,0.0011008,5.0834e-5,2.4666e-5,3.0613e-5,5.2951e-6,3.7707e-7,3.3475e-7
logV_pop,5.0834e-5,0.00066084,2.0532e-5,-6.6938e-7,1.0412e-6,5.9774e-7,3.0524e-6
logCl_pop,2.4666e-5,2.0532e-5,0.0005658,-7.7103e-7,-2.0751e-6,-4.213e-6,2.8693e-6
omega_logka,3.0613e-5,-6.6938e-7,-7.7103e-7,0.00070705,-3.505e-6,3.6203e-6,-2.3322e-6
omega_logV,5.2951e-6,1.0412e-6,-2.0751e-6,-3.505e-6,0.00035164,3.993e-7,-5.0386e-7
omega_logCl,3.7707e-7,5.9774e-7,-4.213e-6,3.6203e-6,3.993e-7,0.00029884,-6.2909e-7
b,3.3475e-7,3.0524e-6,2.8693e-6,-2.3322e-6,-5.0386e-7,-6.2909e-7,1.0575e-5
