logka_pop,1,0.15066,-0.18733,0.43389,0.0089582,0.10333,-0.040394
logV_pop,0.15066,1,-0.12578,0.027233,-0.001615,0.12795,0.034561
logCl_pop,-0.18733,-0.12578,1,-0.11667,-0.088513,-0.15498,0.068395
omega_logka,0.43389,0.027233,-0.11667,1,-0.015113,0.061149,-0.13384
omega_logV,0.0089582,-0.001615,-0.088513,-0.015113,1,-0.038081,-0.081641
omega_logCl,0.10333,0.12795,-0.15498,0.061149,-0.038081,1,-0.090258
b,-0.040394,0.034561,0.068395,-0.13384,-0.081641,-0.090258,1
