logka_pop,0.0077595,0.00045674,-0.00053435,0.0039266,2.0568e-5,0.00023585,-2.8174e-5
logV_pop,0.00045674,0.0011844,-0.00014018,9.6286e-5,-1.4487e-6,0.00011411,9.4179e-6
logCl_pop,-0.00053435,-0.00014018,0.0010486,-0.00038814,-7.4709e-5,-0.00013004,1.7536e-5
omega_logka,0.0039266,9.6286e-5,-0.00038814,0.010554,-4.0469e-5,0.00016278,-0.00010887
omega_logV,2.0568e-5,-1.4487e-6,-7.4709e-5,-4.0469e-5,0.00067939,-2.572e-5,-1.6849e-5
omega_logCl,0.00023585,0.00011411,-0.00013004,0.00016278,-2.572e-5,0.00067144,-1.8518e-5
b,-2.8174e-5,9.4179e-6,1.7536e-5,-0.00010887,-1.6849e-5,-1.8518e-5,6.2693e-5
