logka_pop,1,0.1892,-0.17378,0.34288,0.053209,0.002553,0.030411
logV_pop,0.1892,1,-0.10909,0.0099434,0.072071,0.091312,0.041392
logCl_pop,-0.17378,-0.10909,1,-0.010516,-0.14162,-0.079776,0.04129
omega_logka,0.34288,0.0099434,-0.010516,1,0.060081,-0.12379,-0.16004
omega_logV,0.053209,0.072071,-0.14162,0.060081,1,-0.092733,-0.083372
omega_logCl,0.002553,0.091312,-0.079776,-0.12379,-0.092733,1,-0.059877
b,0.030411,0.041392,0.04129,-0.16004,-0.083372,-0.059877,1
