logka_pop,0.005539,0.00052046,-0.00039843,0.0018031,0.00011187,5.0638e-6,1.975e-5
logV_pop,0.00052046,0.0013661,-0.00012422,2.5968e-5,7.525e-5,8.9946e-5,1.335e-5
logCl_pop,-0.00039843,-0.00012422,0.00094903,-2.289e-5,-0.00012325,-6.5497e-5,1.11e-5
omega_logka,0.0018031,2.5968e-5,-2.289e-5,0.0049925,0.00011992,-0.0002331,-9.868e-5
omega_logV,0.00011187,7.525e-5,-0.00012325,0.00011992,0.00079802,-6.9816e-5,-2.0552e-5
omega_logCl,5.0638e-6,8.9946e-5,-6.5497e-5,-0.0002331,-6.9816e-5,0.00071027,-1.3925e-5
b,1.975e-5,1.335e-5,1.11e-5,-9.868e-5,-2.0552e-5,-1.3925e-5,7.6148e-5
