logka_pop,1,0.18557,-0.17965,0.012605,0.016666,0.079028,0.069388
logV_pop,0.18557,1,-0.12593,-0.035321,0.060521,0.092007,0.065356
logCl_pop,-0.17965,-0.12593,1,0.021325,-0.1372,-0.12083,0.040645
omega_logka,0.012605,-0.035321,0.021325,1,0.079393,-0.10007,-0.091336
omega_logV,0.016666,0.060521,-0.1372,0.079393,1,-0.036583,-0.097908
omega_logCl,0.079028,0.092007,-0.12083,-0.10007,-0.036583,1,-0.1013
b,0.069388,0.065356,0.040645,-0.091336,-0.097908,-0.1013,1
