logka_pop,1,0.17265,-0.18225,-0.25816,0.057447,0.08158,0.092609
logV_pop,0.17265,1,-0.11388,-0.10888,-0.02488,0.096007,0.098593
logCl_pop,-0.18225,-0.11388,1,0.071089,-0.12904,-0.15525,0.027295
omega_logka,-0.25816,-0.10888,0.071089,1,-0.022166,-0.022153,-0.25546
omega_logV,0.057447,-0.02488,-0.12904,-0.022166,1,-0.030042,-0.078496
omega_logCl,0.08158,0.096007,-0.15525,-0.022153,-0.030042,1,-0.067333
b,0.092609,0.098593,0.027295,-0.25546,-0.078496,-0.067333,1
