logka_pop,0.0035141,0.00038286,-0.00036057,-0.0010214,0.00010323,0.00012171,4.7254e-5
logV_pop,0.00038286,0.0013994,-0.00014217,-0.00027184,-2.8214e-5,9.0384e-5,3.1746e-5
logCl_pop,-0.00036057,-0.00014217,0.0011138,0.00015834,-0.00013055,-0.0001304,7.841e-6
omega_logka,-0.0010214,-0.00027184,0.00015834,0.0044542,-4.4845e-5,-3.7208e-5,-0.00014675
omega_logV,0.00010323,-2.8214e-5,-0.00013055,-4.4845e-5,0.00091898,-2.292e-5,-2.0482e-5
omega_logCl,0.00012171,9.0384e-5,-0.0001304,-3.7208e-5,-2.292e-5,0.00063335,-1.4586e-5
b,4.7254e-5,3.1746e-5,7.841e-6,-0.00014675,-2.0482e-5,-1.4586e-5,7.4089e-5
