logka_pop,1,0.17449,-0.17829,0.25147,0.10276,0.013508,-0.00040293
logV_pop,0.17449,1,-0.19676,-0.17283,0.10738,0.19603,0.047937
logCl_pop,-0.17829,-0.19676,1,0.066505,-0.13756,-0.20384,0.081023
omega_logka,0.25147,-0.17283,0.066505,1,-0.064277,-0.089091,-0.10085
omega_logV,0.10276,0.10738,-0.13756,-0.064277,1,-0.052104,-0.20746
omega_logCl,0.013508,0.19603,-0.20384,-0.089091,-0.052104,1,-0.06193
b,-0.00040293,0.047937,0.081023,-0.10085,-0.20746,-0.06193,1
