logka_pop,0.010836,0.00056189,-0.00068546,0.0025516,0.00030699,4.1269e-5,-3.8345e-7
logV_pop,0.00056189,0.00095697,-0.00022481,-0.00052116,9.5334e-5,0.00017798,1.3557e-5
logCl_pop,-0.00068546,-0.00022481,0.0013642,0.00023944,-0.00014581,-0.00022096,2.7358e-5
omega_logka,0.0025516,-0.00052116,0.00023944,0.0095018,-0.00017981,-0.00025488,-8.9869e-5
omega_logV,0.00030699,9.5334e-5,-0.00014581,-0.00017981,0.00082361,-4.3887e-5,-5.443e-5
omega_logCl,4.1269e-5,0.00017798,-0.00022096,-0.00025488,-4.3887e-5,0.00086139,-1.6617e-5
b,-3.8345e-7,1.3557e-5,2.7358e-5,-8.9869e-5,-5.443e-5,-1.6617e-5,8.3578e-5
