logka_pop,1,0.20339,-0.27254,-0.10163,0.23715,0.031129,0.026036
logV_pop,0.20339,1,-0.14767,-0.11981,0.062209,0.13313,0.032912
logCl_pop,-0.27254,-0.14767,1,0.16191,-0.22356,-0.13774,0.074324
omega_logka,-0.10163,-0.11981,0.16191,1,-0.13358,-0.046856,-0.087571
omega_logV,0.23715,0.062209,-0.22356,-0.13358,1,-0.063213,-0.13011
omega_logCl,0.031129,0.13313,-0.13774,-0.046856,-0.063213,1,-0.11638
b,0.026036,0.032912,0.074324,-0.087571,-0.13011,-0.11638,1
