logka_pop,0.012991,0.00087025,-0.0010942,-0.001309,0.00089655,9.59e-5,2.6e-5
logV_pop,0.00087025,0.0014093,-0.00019526,-0.00050827,7.7458e-5,0.00013508,1.0825e-5
logCl_pop,-0.0010942,-0.00019526,0.0012407,0.0006445,-0.00026119,-0.00013113,2.2937e-5
omega_logka,-0.001309,-0.00050827,0.0006445,0.012771,-0.0005007,-0.00014312,-8.6707e-5
omega_logV,0.00089655,7.7458e-5,-0.00026119,-0.0005007,0.0011001,-5.6669e-5,-3.781e-5
omega_logCl,9.59e-5,0.00013508,-0.00013113,-0.00014312,-5.6669e-5,0.00073054,-2.756e-5
b,2.6e-5,1.0825e-5,2.2937e-5,-8.6707e-5,-3.781e-5,-2.756e-5,7.6762e-5
