logka_pop,1,0.27607,-0.22163,0.30038,-0.013929,0.086025,-0.011146
logV_pop,0.27607,1,-0.1616,0.041946,0.003392,0.14625,0.043288
logCl_pop,-0.22163,-0.1616,1,-0.04128,-0.11211,-0.16676,0.0704
omega_logka,0.30038,0.041946,-0.04128,1,-0.014507,-0.017098,-0.15687
omega_logV,-0.013929,0.003392,-0.11211,-0.014507,1,0.023595,-0.16329
omega_logCl,0.086025,0.14625,-0.16676,-0.017098,0.023595,1,-0.10536
b,-0.011146,0.043288,0.0704,-0.15687,-0.16329,-0.10536,1
