logka_pop,0.0071557,0.00056522,-0.0006976,0.00050119,0.00011126,0.0001444,2.3735e-5
logV_pop,0.00056522,0.0012432,-0.00022794,-0.00051454,9.3529e-5,0.0001174,1.7086e-5
logCl_pop,-0.0006976,-0.00022794,0.0010352,0.00052749,-0.00014178,-0.00017343,5.8143e-6
omega_logka,0.00050119,-0.00051454,0.00052749,0.010128,-0.00067845,-0.00015782,-0.00014778
omega_logV,0.00011126,9.3529e-5,-0.00014178,-0.00067845,0.00081817,2.5244e-5,-1.8328e-5
omega_logCl,0.0001444,0.0001174,-0.00017343,-0.00015782,2.5244e-5,0.00062005,-1.9237e-5
b,2.3735e-5,1.7086e-5,5.8143e-6,-0.00014778,-1.8328e-5,-1.9237e-5,6.868e-5
