logka_pop,1,0.37813,-0.23163,-0.1766,-0.095637,0.085987,0.14749
logV_pop,0.37813,1,-0.1957,-0.10954,-0.033532,0.13819,0.1331
logCl_pop,-0.23163,-0.1957,1,0.10409,-0.094604,-0.13704,0.023402
omega_logka,-0.1766,-0.10954,0.10409,1,-0.048003,-0.025005,-0.056537
omega_logV,-0.095637,-0.033532,-0.094604,-0.048003,1,-0.030697,-0.18981
omega_logCl,0.085987,0.13819,-0.13704,-0.025005,-0.030697,1,-0.065068
b,0.14749,0.1331,0.023402,-0.056537,-0.18981,-0.065068,1
