logka_pop,0.0061684,0.00069215,-0.00044536,0.0011516,-6.1095e-5,0.00012226,7.6423e-5
logV_pop,0.00069215,0.00090395,-0.00012887,2.7395e-5,-4.9439e-5,9.516e-5,3.8357e-5
logCl_pop,-0.00044536,-0.00012887,0.00094334,1.0195e-5,-0.00012079,-0.00011184,2.3522e-5
omega_logka,0.0011516,2.7395e-5,1.0195e-5,0.0066434,-0.00026915,0.00022833,-9.8254e-5
omega_logV,-6.1095e-5,-4.9439e-5,-0.00012079,-0.00026915,0.00084848,-3.0565e-5,-7.3445e-5
omega_logCl,0.00012226,9.516e-5,-0.00011184,0.00022833,-3.0565e-5,0.00064521,-4.1196e-5
b,7.6423e-5,3.8357e-5,2.3522e-5,-9.8254e-5,-7.3445e-5,-4.1196e-5,0.00010013
