logka_pop,1,0.26382,-0.21088,0.013278,0.11084,0.089008,0.037212
logV_pop,0.26382,1,-0.18852,-0.12676,0.064475,0.19822,0.04097
logCl_pop,-0.21088,-0.18852,1,0.10243,-0.16742,-0.19867,0.073613
omega_logka,0.013278,-0.12676,0.10243,1,-0.11697,-0.1036,-0.13982
omega_logV,0.11084,0.064475,-0.16742,-0.11697,1,0.0019353,-0.14349
omega_logCl,0.089008,0.19822,-0.19867,-0.1036,0.0019353,1,-0.054482
b,0.037212,0.04097,0.073613,-0.13982,-0.14349,-0.054482,1
