logka_pop,0.007915,0.00075626,-0.00067469,9.5766e-5,0.00025205,0.00022503,2.8495e-5
logV_pop,0.00075626,0.0010382,-0.00021844,-0.0003311,5.3099e-5,0.00018149,1.1362e-5
logCl_pop,-0.00067469,-0.00021844,0.0012933,0.00029861,-0.00015389,-0.00020303,2.2786e-5
omega_logka,9.5766e-5,-0.0003311,0.00029861,0.0065716,-0.00024236,-0.00023865,-9.7558e-5
omega_logV,0.00025205,5.3099e-5,-0.00015389,-0.00024236,0.00065332,1.4057e-6,-3.1568e-5
omega_logCl,0.00022503,0.00018149,-0.00020303,-0.00023865,1.4057e-6,0.00080755,-1.3326e-5
b,2.8495e-5,1.1362e-5,2.2786e-5,-9.7558e-5,-3.1568e-5,-1.3326e-5,7.4086e-5
