logka_pop,1,0.25742,-0.26205,-0.21763,0.041025,0.036077,0.17296
logV_pop,0.25742,1,-0.17337,-0.20427,0.095323,0.10274,0.095403
logCl_pop,-0.26205,-0.17337,1,0.14713,-0.16905,-0.11554,0.019672
omega_logka,-0.21763,-0.20427,0.14713,1,0.011404,-0.047327,-0.1567
omega_logV,0.041025,0.095323,-0.16905,0.011404,1,-0.055049,-0.17001
omega_logCl,0.036077,0.10274,-0.11554,-0.047327,-0.055049,1,-0.060874
b,0.17296,0.095403,0.019672,-0.1567,-0.17001,-0.060874,1
