logka_pop,0.0073352,0.00073173,-0.00070643,-0.0015089,9.9001e-5,7.5313e-5,0.00012346
logV_pop,0.00073173,0.0011016,-0.00018112,-0.00054885,8.9143e-5,8.311e-5,2.639e-5
logCl_pop,-0.00070643,-0.00018112,0.00099075,0.00037491,-0.00014993,-8.8645e-5,5.1607e-6
omega_logka,-0.0015089,-0.00054885,0.00037491,0.0065538,2.6012e-5,-9.3387e-5,-0.00010573
omega_logV,9.9001e-5,8.9143e-5,-0.00014993,2.6012e-5,0.0007939,-3.7806e-5,-3.9924e-5
omega_logCl,7.5313e-5,8.311e-5,-8.8645e-5,-9.3387e-5,-3.7806e-5,0.0005941,-1.2366e-5
b,0.00012346,2.639e-5,5.1607e-6,-0.00010573,-3.9924e-5,-1.2366e-5,6.9463e-5
