logka_pop,1,0.24261,-0.23599,-0.05831,0.11298,0.037586,0.10723
logV_pop,0.24261,1,-0.16818,-0.21663,0.093895,0.12643,0.10523
logCl_pop,-0.23599,-0.16818,1,0.13774,-0.16664,-0.13736,0.016535
omega_logka,-0.05831,-0.21663,0.13774,1,-0.1099,-0.060091,-0.12792
omega_logV,0.11298,0.093895,-0.16664,-0.1099,1,0.031392,-0.070347
omega_logCl,0.037586,0.12643,-0.13736,-0.060091,0.031392,1,-0.11703
b,0.10723,0.10523,0.016535,-0.12792,-0.070347,-0.11703,1
