logka_pop,0.0071674,0.00075871,-0.00063651,-0.000438,0.00026163,7.9305e-5,8.329e-5
logV_pop,0.00075871,0.0013645,-0.00019793,-0.00070997,9.4872e-5,0.00011639,3.5661e-5
logCl_pop,-0.00063651,-0.00019793,0.001015,0.00038936,-0.00014522,-0.00010906,4.8331e-6
omega_logka,-0.000438,-0.00070997,0.00038936,0.0078721,-0.00026673,-0.00013288,-0.00010413
omega_logV,0.00026163,9.4872e-5,-0.00014522,-0.00026673,0.00074822,2.14e-5,-1.7654e-5
omega_logCl,7.9305e-5,0.00011639,-0.00010906,-0.00013288,2.14e-5,0.00062113,-2.6759e-5
b,8.329e-5,3.5661e-5,4.8331e-6,-0.00010413,-1.7654e-5,-2.6759e-5,8.4174e-5
