logka_pop,1,0.26677,-0.2214,-0.146,0.037842,0.10473,0.088604
logV_pop,0.26677,1,-0.1278,-0.17699,0.0035592,0.15385,0.073384
logCl_pop,-0.2214,-0.1278,1,0.12309,-0.13287,-0.1786,0.055295
omega_logka,-0.146,-0.17699,0.12309,1,-0.19367,-0.085855,-0.021492
omega_logV,0.037842,0.0035592,-0.13287,-0.19367,1,0.033082,-0.165
omega_logCl,0.10473,0.15385,-0.1786,-0.085855,0.033082,1,-0.083067
b,0.088604,0.073384,0.055295,-0.021492,-0.165,-0.083067,1
