logka_pop,0.007141,0.00087511,-0.00064438,-0.0011588,0.00010418,0.00024545,6.5398e-5
logV_pop,0.00087511,0.0015069,-0.00017087,-0.00064529,4.5011e-6,0.00016563,2.4881e-5
logCl_pop,-0.00064438,-0.00017087,0.0011862,0.00039817,-0.00014909,-0.00017061,1.6634e-5
omega_logka,-0.0011588,-0.00064529,0.00039817,0.008821,-0.00059258,-0.00022364,-1.7631e-5
omega_logV,0.00010418,4.5011e-6,-0.00014909,-0.00059258,0.0010613,2.9892e-5,-4.6952e-5
omega_logCl,0.00024545,0.00016563,-0.00017061,-0.00022364,2.9892e-5,0.00076923,-2.0123e-5
b,6.5398e-5,2.4881e-5,1.6634e-5,-1.7631e-5,-4.6952e-5,-2.0123e-5,7.6289e-5
