logka_pop,1,0.21975,-0.1345,0.19342,-0.12358,0.092333,0.057014
logV_pop,0.21975,1,-0.10089,0.01803,-0.050109,0.10197,0.086934
logCl_pop,-0.1345,-0.10089,1,0.089319,-0.1195,-0.14159,0.044532
omega_logka,0.19342,0.01803,0.089319,1,-0.24995,0.092185,-0.18102
omega_logV,-0.12358,-0.050109,-0.1195,-0.24995,1,-0.043066,-0.0651
omega_logCl,0.092333,0.10197,-0.14159,0.092185,-0.043066,1,-0.11264
b,0.057014,0.086934,0.044532,-0.18102,-0.0651,-0.11264,1
