logka_pop,1,0.23275,-0.16764,0.22268,-0.13305,0.12132,0.062655
logV_pop,0.23275,1,-0.12575,0.050565,-0.060568,0.15124,0.066487
logCl_pop,-0.16764,-0.12575,1,0.0038613,-0.066148,-0.19001,0.061558
omega_logka,0.22268,0.050565,0.0038613,1,-0.11844,0.038244,-0.14657
omega_logV,-0.13305,-0.060568,-0.066148,-0.11844,1,-0.061576,-0.076569
omega_logCl,0.12132,0.15124,-0.19001,0.038244,-0.061576,1,-0.072738
b,0.062655,0.066487,0.061558,-0.14657,-0.076569,-0.072738,1
