logka_pop,0.0035133,0.00051131,-0.00035332,0.00067702,-0.00022606,0.00020266,3.1243e-5
logV_pop,0.00051131,0.0013736,-0.00016572,9.6127e-5,-6.4347e-5,0.00015798,2.073e-5
logCl_pop,-0.00035332,-0.00016572,0.0012644,7.0428e-6,-6.7424e-5,-0.00019043,1.8415e-5
omega_logka,0.00067702,9.6127e-5,7.0428e-6,0.0026311,-0.00017414,5.5287e-5,-6.3247e-5
omega_logV,-0.00022606,-6.4347e-5,-6.7424e-5,-0.00017414,0.00082168,-4.9746e-5,-1.8465e-5
omega_logCl,0.00020266,0.00015798,-0.00019043,5.5287e-5,-4.9746e-5,0.00079432,-1.7246e-5
b,3.1243e-5,2.073e-5,1.8415e-5,-6.3247e-5,-1.8465e-5,-1.7246e-5,7.0773e-5
