logka_pop,1,0.30592,-0.19715,-0.33442,-0.086579,0.099449,0.11098
logV_pop,0.30592,1,-0.16682,-0.19996,-0.052339,0.16505,0.088624
logCl_pop,-0.19715,-0.16682,1,0.13325,-0.1315,-0.20626,0.062564
omega_logka,-0.33442,-0.19996,0.13325,1,0.091847,-0.11203,-0.1198
omega_logV,-0.086579,-0.052339,-0.1315,0.091847,1,-0.013104,-0.16195
omega_logCl,0.099449,0.16505,-0.20626,-0.11203,-0.013104,1,-0.093966
b,0.11098,0.088624,0.062564,-0.1198,-0.16195,-0.093966,1
