logka_pop,0.0052692,0.00079546,-0.00045706,-0.0020443,-0.00017686,0.00019603,7.0059e-5
logV_pop,0.00079546,0.0012832,-0.00019085,-0.00060321,-5.2761e-5,0.00016055,2.7608e-5
logCl_pop,-0.00045706,-0.00019085,0.00102,0.00035839,-0.00011818,-0.00017888,1.7376e-5
omega_logka,-0.0020443,-0.00060321,0.00035839,0.0070921,0.00021767,-0.0002562,-8.7736e-5
omega_logV,-0.00017686,-5.2761e-5,-0.00011818,0.00021767,0.00079194,-1.0014e-5,-3.9633e-5
omega_logCl,0.00019603,0.00016055,-0.00017888,-0.0002562,-1.0014e-5,0.00073739,-2.219e-5
b,7.0059e-5,2.7608e-5,1.7376e-5,-8.7736e-5,-3.9633e-5,-2.219e-5,7.5625e-5
