logV_pop,0.00079818,-1.9457e-5,-3.0505e-5,-7.9134e-6,1.2784e-5,-1.378e-5,3.3392e-6
logVm_pop,-1.9457e-5,0.0010828,0.00072385,1.5656e-6,-0.00012195,0.00031378,2.1886e-6
logKm_pop,-3.0505e-5,0.00072385,0.0027417,1.3954e-5,-0.00033894,0.0010186,1.0832e-6
omega_logV,-7.9134e-6,1.5656e-6,1.3954e-5,0.00041131,-8.5129e-7,5.2939e-6,-9.7486e-8
omega_logVm,1.2784e-5,-0.00012195,-0.00033894,-8.5129e-7,0.00073033,-0.00023557,-1.6944e-6
omega_logKm,-1.378e-5,0.00031378,0.0010186,5.2939e-6,-0.00023557,0.0015459,-1.5381e-6
b,3.3392e-6,2.1886e-6,1.0832e-6,-9.7486e-8,-1.6944e-6,-1.5381e-6,1.0354e-5
