logka_pop,0.0072563,0.00080376,-0.00070549,0.00082462,0.00016344,0.0001476,-3.2654e-5
logV_pop,0.00080376,0.0010291,-0.00019369,5.0033e-5,1.81e-5,0.00013902,8.8831e-6
logCl_pop,-0.00070549,-0.00019369,0.0011474,4.6333e-5,-0.00012255,-0.0001374,2.6523e-5
omega_logka,0.00082462,5.0033e-5,4.6333e-5,0.0059114,-6.39e-5,-0.00015054,-7.2813e-5
omega_logV,0.00016344,1.81e-5,-0.00012255,-6.39e-5,0.00073511,-2.7406e-5,-4.6073e-5
omega_logCl,0.0001476,0.00013902,-0.0001374,-0.00015054,-2.7406e-5,0.00072873,-1.4202e-5
b,-3.2654e-5,8.8831e-6,2.6523e-5,-7.2813e-5,-4.6073e-5,-1.4202e-5,8.1829e-5
