logka_pop,1,0.21129,-0.23216,0.25344,0.025714,0.11342,0.013685
logV_pop,0.21129,1,-0.14541,-0.11559,0.099136,0.15789,0.045132
logCl_pop,-0.23216,-0.14541,1,0.049314,-0.14737,-0.1731,0.060986
omega_logka,0.25344,-0.11559,0.049314,1,-0.10715,-0.050737,-0.12899
omega_logV,0.025714,0.099136,-0.14737,-0.10715,1,0.043715,-0.096269
omega_logCl,0.11342,0.15789,-0.1731,-0.050737,0.043715,1,-0.087992
b,0.013685,0.045132,0.060986,-0.12899,-0.096269,-0.087992,1
