logka_pop,0.012388,0.00090259,-0.00081135,0.0033565,8.8732e-5,0.00031471,1.3431e-5
logV_pop,0.00090259,0.0014731,-0.00017524,-0.00052791,0.00011797,0.00015108,1.5274e-5
logCl_pop,-0.00081135,-0.00017524,0.00098595,0.00018425,-0.00014347,-0.00013551,1.6885e-5
omega_logka,0.0033565,-0.00052791,0.00018425,0.014159,-0.00039529,-0.00015051,-0.00013533
omega_logV,8.8732e-5,0.00011797,-0.00014347,-0.00039529,0.00096122,3.3789e-5,-2.6318e-5
omega_logCl,0.00031471,0.00015108,-0.00013551,-0.00015051,3.3789e-5,0.00062154,-1.9343e-5
b,1.3431e-5,1.5274e-5,1.6885e-5,-0.00013533,-2.6318e-5,-1.9343e-5,7.7751e-5
