logka_pop,1,0.16549,-0.18319,0.22197,0.037137,0.048382,0.024591
logV_pop,0.16549,1,-0.14467,-0.10172,0.078372,0.14526,0.041055
logCl_pop,-0.18319,-0.14467,1,0.023883,-0.15962,-0.14521,0.07946
omega_logka,0.22197,-0.10172,0.023883,1,-0.013978,-0.063294,-0.056363
omega_logV,0.037137,0.078372,-0.15962,-0.013978,1,0.011662,-0.19779
omega_logCl,0.048382,0.14526,-0.14521,-0.063294,0.011662,1,-0.10936
b,0.024591,0.041055,0.07946,-0.056363,-0.19779,-0.10936,1
