logka_pop,0.010543,0.0005803,-0.00061861,0.0025414,0.00011122,0.00012998,2.266e-5
logV_pop,0.0005803,0.0011663,-0.00016249,-0.00038735,7.807e-5,0.00012979,1.2583e-5
logCl_pop,-0.00061861,-0.00016249,0.0010816,8.7585e-5,-0.00015312,-0.00012495,2.3452e-5
omega_logka,0.0025414,-0.00038735,8.7585e-5,0.012434,-4.5464e-5,-0.00018466,-5.6403e-5
omega_logV,0.00011122,7.807e-5,-0.00015312,-4.5464e-5,0.0008508,8.8997e-6,-5.1776e-5
omega_logCl,0.00012998,0.00012979,-0.00012495,-0.00018466,8.8997e-6,0.00068456,-2.5679e-5
b,2.266e-5,1.2583e-5,2.3452e-5,-5.6403e-5,-5.1776e-5,-2.5679e-5,8.054e-5
