logka_pop,1,-0.098095,-0.24376,0.81889,0.074756,-0.25053,-0.3855
logV_pop,-0.098095,1,-0.086567,-0.25844,0.017758,0.17504,0.18723
logCl_pop,-0.24376,-0.086567,1,-0.15468,-0.13838,-0.064777,0.094438
omega_logka,0.81889,-0.25844,-0.15468,1,0.11326,-0.32202,-0.56345
omega_logV,0.074756,0.017758,-0.13838,0.11326,1,-0.036664,-0.17222
omega_logCl,-0.25053,0.17504,-0.064777,-0.32202,-0.036664,1,0.11236
b,-0.3855,0.18723,0.094438,-0.56345,-0.17222,0.11236,1
