logka_pop,0.022324,-0.00057532,-0.0013431,0.037542,0.00033529,-0.0011153,-0.0005858
logV_pop,-0.00057532,0.0015408,-0.00012531,-0.0031127,2.0924e-5,0.00020471,7.4746e-5
logCl_pop,-0.0013431,-0.00012531,0.00136,-0.0017503,-0.00015319,-7.1175e-5,3.542e-5
omega_logka,0.037542,-0.0031127,-0.0017503,0.094149,0.0010432,-0.0029439,-0.0017583
omega_logV,0.00033529,2.0924e-5,-0.00015319,0.0010432,0.0009011,-3.2792e-5,-5.2579e-5
omega_logCl,-0.0011153,0.00020471,-7.1175e-5,-0.0029439,-3.2792e-5,0.00088773,3.4047e-5
b,-0.0005858,7.4746e-5,3.542e-5,-0.0017583,-5.2579e-5,3.4047e-5,0.00010344
