logka_pop,1,0.23746,-0.16153,-0.0028851,0.065913,0.092324,0.0022838
logV_pop,0.23746,1,-0.094945,-0.10128,0.066777,0.15139,0.041761
logCl_pop,-0.16153,-0.094945,1,0.05059,-0.15032,-0.11194,0.06903
omega_logka,-0.0028851,-0.10128,0.05059,1,-0.061432,-0.0032159,-0.14107
omega_logV,0.065913,0.066777,-0.15032,-0.061432,1,-0.052251,-0.12647
omega_logCl,0.092324,0.15139,-0.11194,-0.0032159,-0.052251,1,-0.073174
b,0.0022838,0.041761,0.06903,-0.14107,-0.12647,-0.073174,1
