logka_pop,0.0055939,0.00062452,-0.00036398,-1.4959e-5,0.00013905,0.00017235,1.4378e-6
logV_pop,0.00062452,0.0012365,-0.00010058,-0.0002469,6.6232e-5,0.00013287,1.2361e-5
logCl_pop,-0.00036398,-0.00010058,0.00090765,0.00010566,-0.00012774,-8.4172e-5,1.7506e-5
omega_logka,-1.4959e-5,-0.0002469,0.00010566,0.0048059,-0.00012012,-5.5646e-6,-8.2318e-5
omega_logV,0.00013905,6.6232e-5,-0.00012774,-0.00012012,0.0007956,-3.6786e-5,-3.0027e-5
omega_logCl,0.00017235,0.00013287,-8.4172e-5,-5.5646e-6,-3.6786e-5,0.00062299,-1.5374e-5
b,1.4378e-6,1.2361e-5,1.7506e-5,-8.2318e-5,-3.0027e-5,-1.5374e-5,7.0854e-5
