logka_pop,1,0.19449,-0.20684,0.28479,-0.01677,0.064082,0.08392
logV_pop,0.19449,1,-0.15248,0.039508,0.018306,0.13982,0.06545
logCl_pop,-0.20684,-0.15248,1,-0.01144,-0.11902,-0.18093,0.061542
omega_logka,0.28479,0.039508,-0.01144,1,-0.044395,-0.015155,-0.091478
omega_logV,-0.01677,0.018306,-0.11902,-0.044395,1,-0.035901,-0.10049
omega_logCl,0.064082,0.13982,-0.18093,-0.015155,-0.035901,1,-0.084057
b,0.08392,0.06545,0.061542,-0.091478,-0.10049,-0.084057,1
