logka_pop,0.0050424,0.00052104,-0.00045898,0.001411,-3.5416e-5,0.00011416,5.2491e-5
logV_pop,0.00052104,0.0014233,-0.00017976,0.000104,2.054e-5,0.00013233,2.175e-5
logCl_pop,-0.00045898,-0.00017976,0.00097653,-2.4943e-5,-0.00011062,-0.00014185,1.694e-5
omega_logka,0.001411,0.000104,-2.4943e-5,0.0048681,-9.2126e-5,-2.6528e-5,-5.6222e-5
omega_logV,-3.5416e-5,2.054e-5,-0.00011062,-9.2126e-5,0.00088455,-2.6788e-5,-2.6327e-5
omega_logCl,0.00011416,0.00013233,-0.00014185,-2.6528e-5,-2.6788e-5,0.00062942,-1.8576e-5
b,5.2491e-5,2.175e-5,1.694e-5,-5.6222e-5,-2.6327e-5,-1.8576e-5,7.759e-5
