logka_pop,1,0.15725,-0.133,0.14615,-0.065059,0.056174,0.047228
logV_pop,0.15725,1,-0.078592,-0.030507,-0.0074403,0.11946,0.030578
logCl_pop,-0.133,-0.078592,1,0.005187,-0.10708,-0.16544,0.082854
omega_logka,0.14615,-0.030507,0.005187,1,-0.11326,0.0099691,-0.11639
omega_logV,-0.065059,-0.0074403,-0.10708,-0.11326,1,-0.0045932,-0.11533
omega_logCl,0.056174,0.11946,-0.16544,0.0099691,-0.0045932,1,-0.11944
b,0.047228,0.030578,0.082854,-0.11639,-0.11533,-0.11944,1
