logka_pop,0.0055819,0.00040682,-0.00032783,0.00085588,-0.00014245,0.00011082,2.9855e-5
logV_pop,0.00040682,0.0011991,-8.9787e-5,-8.2804e-5,-7.5506e-6,0.00010923,8.9592e-6
logCl_pop,-0.00032783,-8.9787e-5,0.0010885,1.3414e-5,-0.00010354,-0.00014413,2.3129e-5
omega_logka,0.00085588,-8.2804e-5,1.3414e-5,0.0061438,-0.00026018,2.0633e-5,-7.7193e-5
omega_logV,-0.00014245,-7.5506e-6,-0.00010354,-0.00026018,0.00085887,-3.5545e-6,-2.8598e-5
omega_logCl,0.00011082,0.00010923,-0.00014413,2.0633e-5,-3.5545e-6,0.00069725,-2.6686e-5
b,2.9855e-5,8.9592e-6,2.3129e-5,-7.7193e-5,-2.8598e-5,-2.6686e-5,7.1591e-5
