logka_pop,1,0.26374,-0.16885,-0.131,0.078754,0.010493,0.081047
logV_pop,0.26374,1,-0.13185,-0.15769,0.085094,0.11641,0.083917
logCl_pop,-0.16885,-0.13185,1,0.030606,-0.12194,-0.15058,0.050074
omega_logka,-0.131,-0.15769,0.030606,1,-0.015131,-0.041604,-0.16876
omega_logV,0.078754,0.085094,-0.12194,-0.015131,1,-0.006343,-0.12674
omega_logCl,0.010493,0.11641,-0.15058,-0.041604,-0.006343,1,-0.052526
b,0.081047,0.083917,0.050074,-0.16876,-0.12674,-0.052526,1
