logka_pop,0.0043374,0.00059529,-0.00040256,-0.00047488,0.00014754,2.0245e-5,4.77e-5
logV_pop,0.00059529,0.0011746,-0.00016359,-0.00029747,8.2956e-5,0.00011687,2.5701e-5
logCl_pop,-0.00040256,-0.00016359,0.0013105,6.0984e-5,-0.00012557,-0.0001597,1.6199e-5
omega_logka,-0.00047488,-0.00029747,6.0984e-5,0.0030295,-2.369e-5,-6.7084e-5,-8.3008e-5
omega_logV,0.00014754,8.2956e-5,-0.00012557,-2.369e-5,0.00080915,-5.2857e-6,-3.2217e-5
omega_logCl,2.0245e-5,0.00011687,-0.0001597,-6.7084e-5,-5.2857e-6,0.00085821,-1.3751e-5
b,4.77e-5,2.5701e-5,1.6199e-5,-8.3008e-5,-3.2217e-5,-1.3751e-5,7.9861e-5
