logCl_pop,1,-0.00030373,0.032416,-0.0017967,-0.0053511,-0.00078253,-0.0088825,-0.020278,0.024008
logV1_pop,-0.00030373,1,-0.059103,-0.024912,0.0016113,-0.00018914,-0.012553,0.016167,0.022488
logQ_pop,0.032416,-0.059103,1,0.055777,-0.0025187,-0.015926,0.0076925,-0.052814,0.0085517
logV2_pop,-0.0017967,-0.024912,0.055777,1,0.019403,-0.011371,0.050151,-0.0043902,0.010746
omega_logCl,-0.0053511,0.0016113,-0.0025187,0.019403,1,0.0012797,0.0002389,0.011215,-0.0028063
omega_logV1,-0.00078253,-0.00018914,-0.015926,-0.011371,0.0012797,1,-0.01035,0.0036941,-0.0030645
omega_logQ,-0.0088825,-0.012553,0.0076925,0.050151,0.0002389,-0.01035,1,-0.0068679,-0.033081
omega_logV2,-0.020278,0.016167,-0.052814,-0.0043902,0.011215,0.0036941,-0.0068679,1,-0.024698
b,0.024008,0.022488,0.0085517,0.010746,-0.0028063,-0.0030645,-0.033081,-0.024698,1
