logCl_pop,0.00076342,-2.387e-7,4.2198e-5,-1.7427e-6,-2.9087e-6,-4.4211e-7,-1.1091e-5,-1.5848e-5,1.2178e-6
logV1_pop,-2.387e-7,0.00080903,-7.9204e-5,-2.4876e-5,9.0164e-7,-1.1001e-7,-1.6137e-5,1.3007e-5,1.1743e-6
logQ_pop,4.2198e-5,-7.9204e-5,0.0022197,9.2253e-5,-2.3345e-6,-1.5342e-5,1.6379e-5,-7.0385e-5,7.3965e-7
logV2_pop,-1.7427e-6,-2.4876e-5,9.2253e-5,0.0012324,1.34e-5,-8.1621e-6,7.9565e-5,-4.3596e-6,6.9252e-7
omega_logCl,-2.9087e-6,9.0164e-7,-2.3345e-6,1.34e-5,0.00038704,5.1478e-7,2.124e-7,6.2412e-6,-1.0135e-7
omega_logV1,-4.4211e-7,-1.1001e-7,-1.5342e-5,-8.1621e-6,5.1478e-7,0.00041811,-9.5639e-6,2.1367e-6,-1.1503e-7
omega_logQ,-1.1091e-5,-1.6137e-5,1.6379e-5,7.9565e-5,2.124e-7,-9.5639e-6,0.0020424,-8.7795e-6,-2.7445e-6
omega_logV2,-1.5848e-5,1.3007e-5,-7.0385e-5,-4.3596e-6,6.2412e-6,2.1367e-6,-8.7795e-6,0.00080013,-1.2825e-6
b,1.2178e-6,1.1743e-6,7.3965e-7,6.9252e-7,-1.0135e-7,-1.1503e-7,-2.7445e-6,-1.2825e-6,3.3702e-6
