logka_pop,1,0.22477,-0.21705,-0.27589,0.059794,0.050811,0.13492
logV_pop,0.22477,1,-0.15739,-0.16305,0.01149,0.11184,0.075207
logCl_pop,-0.21705,-0.15739,1,0.079216,-0.12724,-0.13281,0.028306
omega_logka,-0.27589,-0.16305,0.079216,1,0.086806,-0.088748,-0.23918
omega_logV,0.059794,0.01149,-0.12724,0.086806,1,-0.03778,-0.132
omega_logCl,0.050811,0.11184,-0.13281,-0.088748,-0.03778,1,-0.080772
b,0.13492,0.075207,0.028306,-0.23918,-0.132,-0.080772,1
