logka_pop,1,0.24562,-0.19402,0.068988,0.023866,0.042369,0.073951
logV_pop,0.24562,1,-0.097594,-0.11027,0.016332,0.12196,0.090332
logCl_pop,-0.19402,-0.097594,1,-0.024221,-0.13757,-0.080851,0.054722
omega_logka,0.068988,-0.11027,-0.024221,1,-0.071337,-0.026181,-0.093704
omega_logV,0.023866,0.016332,-0.13757,-0.071337,1,-0.053702,-0.16405
omega_logCl,0.042369,0.12196,-0.080851,-0.026181,-0.053702,1,-0.075423
b,0.073951,0.090332,0.054722,-0.093704,-0.16405,-0.075423,1
