logka_pop,0.0070571,0.00063903,-0.00045379,0.00060685,5.6902e-5,7.6298e-5,5.1448e-5
logV_pop,0.00063903,0.0009592,-8.4151e-5,-0.00035759,1.4356e-5,8.0971e-5,2.3169e-5
logCl_pop,-0.00045379,-8.4151e-5,0.00077512,-7.061e-5,-0.0001087,-4.8253e-5,1.2617e-5
omega_logka,0.00060685,-0.00035759,-7.061e-5,0.010964,-0.000212,-5.8767e-5,-8.1256e-5
omega_logV,5.6902e-5,1.4356e-5,-0.0001087,-0.000212,0.00080551,-3.2672e-5,-3.8557e-5
omega_logCl,7.6298e-5,8.0971e-5,-4.8253e-5,-5.8767e-5,-3.2672e-5,0.00045952,-1.3389e-5
b,5.1448e-5,2.3169e-5,1.2617e-5,-8.1256e-5,-3.8557e-5,-1.3389e-5,6.8582e-5
