logka_pop,0.0038599,0.00052631,-0.00029805,-0.00080088,-6.1769e-5,9.0548e-5,3.784e-5
logV_pop,0.00052631,0.0010031,-8.0401e-5,-0.00024934,1.005e-5,8.5154e-5,1.3345e-5
logCl_pop,-0.00029805,-8.0401e-5,0.0010497,0.00032379,-9.1302e-5,-9.0256e-5,1.3973e-5
omega_logka,-0.00080088,-0.00024934,0.00032379,0.0052888,-0.00016766,-7.5547e-5,-7.2005e-5
omega_logV,-6.1769e-5,1.005e-5,-9.1302e-5,-0.00016766,0.00064815,2.8791e-6,-2.4444e-5
omega_logCl,9.0548e-5,8.5154e-5,-9.0256e-5,-7.5547e-5,2.8791e-6,0.00060308,-1.6362e-5
b,3.784e-5,1.3345e-5,1.3973e-5,-7.2005e-5,-2.4444e-5,-1.6362e-5,6.7618e-5
