logka_pop,1,0.13061,-0.11658,0.17184,-0.045794,0.074173,-0.014762
logV_pop,0.13061,1,-0.16137,-0.2724,0.021116,0.17408,0.092274
logCl_pop,-0.11658,-0.16137,1,0.14391,-0.14071,-0.1497,0.054815
omega_logka,0.17184,-0.2724,0.14391,1,-0.14403,0.030158,-0.22484
omega_logV,-0.045794,0.021116,-0.14071,-0.14403,1,-0.042599,-0.13639
omega_logCl,0.074173,0.17408,-0.1497,0.030158,-0.042599,1,-0.096965
b,-0.014762,0.092274,0.054815,-0.22484,-0.13639,-0.096965,1
