logka_pop,0.0080397,0.00042058,-0.00037247,0.0041836,-0.00012653,0.00018999,-1.2392e-5
logV_pop,0.00042058,0.0012897,-0.00020649,-0.0026561,2.3367e-5,0.00017859,3.1022e-5
logCl_pop,-0.00037247,-0.00020649,0.0012697,0.0013923,-0.00015451,-0.00015238,1.8285e-5
omega_logka,0.0041836,-0.0026561,0.0013923,0.073722,-0.0012051,0.00023392,-0.00057151
omega_logV,-0.00012653,2.3367e-5,-0.00015451,-0.0012051,0.00094957,-3.7501e-5,-3.9347e-5
omega_logCl,0.00018999,0.00017859,-0.00015238,0.00023392,-3.7501e-5,0.0008161,-2.5933e-5
b,-1.2392e-5,3.1022e-5,1.8285e-5,-0.00057151,-3.9347e-5,-2.5933e-5,8.7643e-5
