logka_pop,1,0.2353,-0.17087,0.12544,-0.053031,0.07753,0.096203
logV_pop,0.2353,1,-0.13829,-0.078732,0.005767,0.15815,0.090628
logCl_pop,-0.17087,-0.13829,1,0.060011,-0.15612,-0.14706,0.044161
omega_logka,0.12544,-0.078732,0.060011,1,-0.18506,-0.0026377,-0.080162
omega_logV,-0.053031,0.005767,-0.15612,-0.18506,1,-0.016907,-0.14635
omega_logCl,0.07753,0.15815,-0.14706,-0.0026377,-0.016907,1,-0.10067
b,0.096203,0.090628,0.044161,-0.080162,-0.14635,-0.10067,1
