logka_pop,1,0.1269,-0.1416,0.20086,0.12864,-0.044836,-0.059275
logV_pop,0.1269,1,-0.12439,-0.068667,0.017893,0.18819,0.028422
logCl_pop,-0.1416,-0.12439,1,0.056451,-0.13045,-0.15117,0.071421
omega_logka,0.20086,-0.068667,0.056451,1,0.074566,-0.11798,-0.22073
omega_logV,0.12864,0.017893,-0.13045,0.074566,1,-0.049706,-0.15282
omega_logCl,-0.044836,0.18819,-0.15117,-0.11798,-0.049706,1,-0.062085
b,-0.059275,0.028422,0.071421,-0.22073,-0.15282,-0.062085,1
