logka_pop,1,0.28499,-0.24785,-0.21211,0.072374,0.08718,0.10546
logV_pop,0.28499,1,-0.20786,-0.12843,0.12501,0.16143,0.073056
logCl_pop,-0.24785,-0.20786,1,0.14402,-0.14568,-0.14979,0.0096478
omega_logka,-0.21211,-0.12843,0.14402,1,-0.060816,-0.025626,-0.13112
omega_logV,0.072374,0.12501,-0.14568,-0.060816,1,-0.059052,-0.13821
omega_logCl,0.08718,0.16143,-0.14979,-0.025626,-0.059052,1,-0.028294
b,0.10546,0.073056,0.0096478,-0.13112,-0.13821,-0.028294,1
