logka_pop,0.0095209,0.00091505,-0.00083813,-0.0015835,0.00018086,0.00023324,8.6356e-5
logV_pop,0.00091505,0.0010828,-0.00023705,-0.00032334,0.00010536,0.00014565,2.0174e-5
logCl_pop,-0.00083813,-0.00023705,0.001201,0.00038187,-0.00012931,-0.00014234,2.8059e-6
omega_logka,-0.0015835,-0.00032334,0.00038187,0.0058538,-0.00011917,-5.3758e-5,-8.4186e-5
omega_logV,0.00018086,0.00010536,-0.00012931,-0.00011917,0.00065594,-4.1468e-5,-2.9706e-5
omega_logCl,0.00023324,0.00014565,-0.00014234,-5.3758e-5,-4.1468e-5,0.00075178,-6.5103e-6
b,8.6356e-5,2.0174e-5,2.8059e-6,-8.4186e-5,-2.9706e-5,-6.5103e-6,7.0425e-5
