logka_pop,1,0.22344,-0.21192,0.13699,0.0035552,0.036542,0.11584
logV_pop,0.22344,1,-0.21233,-0.14004,0.054552,0.083928,0.15538
logCl_pop,-0.21192,-0.21233,1,0.077311,-0.14536,-0.11695,-0.027631
omega_logka,0.13699,-0.14004,0.077311,1,-0.060827,-0.0026477,-0.14765
omega_logV,0.0035552,0.054552,-0.14536,-0.060827,1,-0.064857,-0.11714
omega_logCl,0.036542,0.083928,-0.11695,-0.0026477,-0.064857,1,-0.1136
b,0.11584,0.15538,-0.027631,-0.14765,-0.11714,-0.1136,1
