logka_pop,0.0099874,0.00078249,-0.00074667,0.0012434,9.902e-6,9.8936e-5,0.0001061
logV_pop,0.00078249,0.001228,-0.00026233,-0.00044571,5.3278e-5,7.9679e-5,4.9906e-5
logCl_pop,-0.00074667,-0.00026233,0.001243,0.00024755,-0.00014282,-0.0001117,-8.9288e-6
omega_logka,0.0012434,-0.00044571,0.00024755,0.0082489,-0.00015397,-6.5148e-6,-0.00012291
omega_logV,9.902e-6,5.3278e-5,-0.00014282,-0.00015397,0.00077671,-4.8969e-5,-2.9922e-5
omega_logCl,9.8936e-5,7.9679e-5,-0.0001117,-6.5148e-6,-4.8969e-5,0.00073395,-2.8208e-5
b,0.0001061,4.9906e-5,-8.9288e-6,-0.00012291,-2.9922e-5,-2.8208e-5,8.4009e-5
