logka_pop,1,0.22217,-0.15361,0.27241,-0.022064,0.076054,0.030078
logV_pop,0.22217,1,-0.13329,-0.01916,0.075289,0.13538,0.040478
logCl_pop,-0.15361,-0.13329,1,0.01915,-0.14916,-0.16042,0.059269
omega_logka,0.27241,-0.01916,0.01915,1,-0.076202,0.032245,-0.13763
omega_logV,-0.022064,0.075289,-0.14916,-0.076202,1,-0.015006,-0.11013
omega_logCl,0.076054,0.13538,-0.16042,0.032245,-0.015006,1,-0.091566
b,0.030078,0.040478,0.059269,-0.13763,-0.11013,-0.091566,1
