logka_pop,1,0.19508,-0.12948,-0.14057,-0.0127,0.066449,0.050122
logV_pop,0.19508,1,-0.1049,-0.082787,0.017647,0.14097,0.019419
logCl_pop,-0.12948,-0.1049,1,0.056977,-0.12745,-0.16454,0.074417
omega_logka,-0.14057,-0.082787,0.056977,1,0.016698,-0.071817,-0.11052
omega_logV,-0.0127,0.017647,-0.12745,0.016698,1,0.014068,-0.1196
omega_logCl,0.066449,0.14097,-0.16454,-0.071817,0.014068,1,-0.075598
b,0.050122,0.019419,0.074417,-0.11052,-0.1196,-0.075598,1
