logka_pop,1,0.14275,-0.22036,0.37903,0.047388,-0.02515,-0.021511
logV_pop,0.14275,1,-0.12392,-0.064509,0.017808,0.066964,0.070138
logCl_pop,-0.22036,-0.12392,1,-0.016794,-0.1467,-0.056931,0.035793
omega_logka,0.37903,-0.064509,-0.016794,1,0.013926,-0.027392,-0.13157
omega_logV,0.047388,0.017808,-0.1467,0.013926,1,-0.028695,-0.13107
omega_logCl,-0.02515,0.066964,-0.056931,-0.027392,-0.028695,1,-0.075102
b,-0.021511,0.070138,0.035793,-0.13157,-0.13107,-0.075102,1
