logka_pop,0.015951,0.000656,-0.00082707,0.0049628,0.00018481,-7.2423e-5,-2.3493e-5
logV_pop,0.000656,0.0013239,-0.000134,-0.00024334,2.0008e-5,5.5554e-5,2.2069e-5
logCl_pop,-0.00082707,-0.000134,0.00088319,-5.1742e-5,-0.00013462,-3.8576e-5,9.1985e-6
omega_logka,0.0049628,-0.00024334,-5.1742e-5,0.010748,4.4581e-5,-6.4749e-5,-0.00011795
omega_logV,0.00018481,2.0008e-5,-0.00013462,4.4581e-5,0.00095346,-2.0202e-5,-3.5e-5
omega_logCl,-7.2423e-5,5.5554e-5,-3.8576e-5,-6.4749e-5,-2.0202e-5,0.00051986,-1.4808e-5
b,-2.3493e-5,2.2069e-5,9.1985e-6,-0.00011795,-3.5e-5,-1.4808e-5,7.4782e-5
