logka_pop,1,0.14482,-0.16158,0.17299,0.095646,-0.058725,-0.007856
logV_pop,0.14482,1,-0.15401,-0.24985,0.06098,0.13431,0.093599
logCl_pop,-0.16158,-0.15401,1,0.13461,-0.1878,-0.17676,0.062808
omega_logka,0.17299,-0.24985,0.13461,1,-0.095707,-0.099316,-0.24134
omega_logV,0.095646,0.06098,-0.1878,-0.095707,1,-0.01314,-0.11674
omega_logCl,-0.058725,0.13431,-0.17676,-0.099316,-0.01314,1,-0.13207
b,-0.007856,0.093599,0.062808,-0.24134,-0.11674,-0.13207,1
