logka_pop,1,0.14872,-0.19915,0.3587,-0.01729,0.0076824,0.06514
logV_pop,0.14872,1,-0.19265,-0.1451,0.052748,0.15179,0.040717
logCl_pop,-0.19915,-0.19265,1,0.0093939,-0.13965,-0.1909,0.047776
omega_logka,0.3587,-0.1451,0.0093939,1,-0.05554,-0.15869,-0.0082257
omega_logV,-0.01729,0.052748,-0.13965,-0.05554,1,-0.055676,-0.10637
omega_logCl,0.0076824,0.15179,-0.1909,-0.15869,-0.055676,1,-0.1003
b,0.06514,0.040717,0.047776,-0.0082257,-0.10637,-0.1003,1
