logka_pop,0.01095,0.00057376,-0.00070429,0.0047512,-5.6543e-5,2.185e-5,6.0213e-5
logV_pop,0.00057376,0.0013593,-0.00024003,-0.00067717,6.0778e-5,0.00015211,1.3261e-5
logCl_pop,-0.00070429,-0.00024003,0.0011421,4.0184e-5,-0.0001475,-0.00017534,1.4262e-5
omega_logka,0.0047512,-0.00067717,4.0184e-5,0.016022,-0.00021971,-0.00054597,-9.1972e-6
omega_logV,-5.6543e-5,6.0778e-5,-0.0001475,-0.00021971,0.00097671,-4.7293e-5,-2.9364e-5
omega_logCl,2.185e-5,0.00015211,-0.00017534,-0.00054597,-4.7293e-5,0.00073874,-2.4081e-5
b,6.0213e-5,1.3261e-5,1.4262e-5,-9.1972e-6,-2.9364e-5,-2.4081e-5,7.8028e-5
