logka_pop,1,0.23206,-0.18374,0.073387,-0.015664,0.076291,-0.0029123
logV_pop,0.23206,1,-0.13771,0.024157,-0.020921,0.090349,0.045943
logCl_pop,-0.18374,-0.13771,1,-0.0035565,-0.096986,-0.081719,0.041474
omega_logka,0.073387,0.024157,-0.0035565,1,0.022184,-0.0092525,-0.12738
omega_logV,-0.015664,-0.020921,-0.096986,0.022184,1,-0.055135,-0.10304
omega_logCl,0.076291,0.090349,-0.081719,-0.0092525,-0.055135,1,-0.088726
b,-0.0029123,0.045943,0.041474,-0.12738,-0.10304,-0.088726,1
