logka_pop,0.0026979,0.00043228,-0.00032462,0.00018062,-2.1851e-5,0.00010803,-1.202e-6
logV_pop,0.00043228,0.0012862,-0.00016799,4.1053e-5,-2.0152e-5,8.8338e-5,1.3093e-5
logCl_pop,-0.00032462,-0.00016799,0.001157,-5.7324e-6,-8.8602e-5,-7.5782e-5,1.121e-5
omega_logka,0.00018062,4.1053e-5,-5.7324e-6,0.0022454,2.8233e-5,-1.1953e-5,-4.7964e-5
omega_logV,-2.1851e-5,-2.0152e-5,-8.8602e-5,2.8233e-5,0.00072135,-4.0371e-5,-2.1991e-5
omega_logCl,0.00010803,8.8338e-5,-7.5782e-5,-1.1953e-5,-4.0371e-5,0.00074327,-1.9221e-5
b,-1.202e-6,1.3093e-5,1.121e-5,-4.7964e-5,-2.1991e-5,-1.9221e-5,6.3143e-5
