logka_pop,1,0.27475,-0.22256,0.097758,0.088897,0.067893,0.031508
logV_pop,0.27475,1,-0.13459,-0.034402,0.0035616,0.11905,0.079282
logCl_pop,-0.22256,-0.13459,1,-0.0018705,-0.14039,-0.11185,0.050698
omega_logka,0.097758,-0.034402,-0.0018705,1,0.026284,-0.047221,-0.16323
omega_logV,0.088897,0.0035616,-0.14039,0.026284,1,0.0028953,-0.15129
omega_logCl,0.067893,0.11905,-0.11185,-0.047221,0.0028953,1,-0.089126
b,0.031508,0.079282,0.050698,-0.16323,-0.15129,-0.089126,1
