logka_pop,0.0052473,0.00071368,-0.00057051,0.00040036,0.00018075,0.00013903,2.0545e-5
logV_pop,0.00071368,0.0012859,-0.00017079,-6.9745e-5,3.5848e-6,0.00012068,2.559e-5
logCl_pop,-0.00057051,-0.00017079,0.0012523,-3.7423e-6,-0.00013945,-0.00011189,1.6149e-5
omega_logka,0.00040036,-6.9745e-5,-3.7423e-6,0.0031964,4.1711e-5,-7.547e-5,-8.3069e-5
omega_logV,0.00018075,3.5848e-6,-0.00013945,4.1711e-5,0.00078787,2.2973e-6,-3.8225e-5
omega_logCl,0.00013903,0.00012068,-0.00011189,-7.547e-5,2.2973e-6,0.00079911,-2.2678e-5
b,2.0545e-5,2.559e-5,1.6149e-5,-8.3069e-5,-3.8225e-5,-2.2678e-5,8.1022e-5
