logka_pop,1,0.18398,-0.16365,0.22467,0.06232,0.052364,0.03001
logV_pop,0.18398,1,-0.1271,-0.044953,0.0082742,0.13161,0.055156
logCl_pop,-0.16365,-0.1271,1,0.020509,-0.11645,-0.15401,0.044598
omega_logka,0.22467,-0.044953,0.020509,1,0.01558,-0.0027846,-0.036337
omega_logV,0.06232,0.0082742,-0.11645,0.01558,1,-0.044611,-0.13264
omega_logCl,0.052364,0.13161,-0.15401,-0.0027846,-0.044611,1,-0.054804
b,0.03001,0.055156,0.044598,-0.036337,-0.13264,-0.054804,1
