logka_pop,0.0053129,0.00048988,-0.00043156,0.00096148,0.00013501,0.00011107,1.8069e-5
logV_pop,0.00048988,0.0013344,-0.00016797,-9.6413e-5,8.9837e-6,0.00013991,1.6643e-5
logCl_pop,-0.00043156,-0.00016797,0.0013089,4.3563e-5,-0.00012522,-0.00016215,1.3328e-5
omega_logka,0.00096148,-9.6413e-5,4.3563e-5,0.0034471,2.7187e-5,-4.7577e-6,-1.7622e-5
omega_logV,0.00013501,8.9837e-6,-0.00012522,2.7187e-5,0.00088341,-3.8587e-5,-3.2565e-5
omega_logCl,0.00011107,0.00013991,-0.00016215,-4.7577e-6,-3.8587e-5,0.00084689,-1.3174e-5
b,1.8069e-5,1.6643e-5,1.3328e-5,-1.7622e-5,-3.2565e-5,-1.3174e-5,6.823e-5
