logka_pop,0.0066903,0.00071859,-0.00068324,0.0017188,5.1129e-5,0.00038329,-4.6698e-5
logV_pop,0.00071859,0.0013559,-0.000184,0.0002165,1.6658e-5,0.00016739,1.4977e-6
logCl_pop,-0.00068324,-0.000184,0.0010769,-0.00016845,-0.0001646,-0.00016914,2.5091e-5
omega_logka,0.0017188,0.0002165,-0.00016845,0.0046832,0.00021531,0.00010227,-0.00010819
omega_logV,5.1129e-5,1.6658e-5,-0.0001646,0.00021531,0.00099826,-5.4943e-5,-2.3395e-5
omega_logCl,0.00038329,0.00016739,-0.00016914,0.00010227,-5.4943e-5,0.00069485,-1.9946e-5
b,-4.6698e-5,1.4977e-6,2.5091e-5,-0.00010819,-2.3395e-5,-1.9946e-5,6.6646e-5
