logka_pop,1,0.30535,-0.21019,-0.40188,-0.054033,0.070151,0.26661
logV_pop,0.30535,1,-0.14791,-0.22295,-0.043795,0.1335,0.17588
logCl_pop,-0.21019,-0.14791,1,0.14173,-0.10224,-0.1368,-0.02905
omega_logka,-0.40188,-0.22295,0.14173,1,-0.021079,-0.092079,-0.26974
omega_logV,-0.054033,-0.043795,-0.10224,-0.021079,1,-0.055687,-0.12906
omega_logCl,0.070151,0.1335,-0.1368,-0.092079,-0.055687,1,-0.019586
b,0.26661,0.17588,-0.02905,-0.26974,-0.12906,-0.019586,1
