logka_pop,0.0073709,0.00097989,-0.00061839,-0.0042713,-0.00013551,0.00015771,0.00020758
logV_pop,0.00097989,0.0013971,-0.00018945,-0.0010316,-4.782e-5,0.00013067,5.9623e-5
logCl_pop,-0.00061839,-0.00018945,0.0011744,0.00060129,-0.00010234,-0.00012277,-9.0283e-6
omega_logka,-0.0042713,-0.0010316,0.00060129,0.015325,-7.623e-5,-0.0002985,-0.00030284
omega_logV,-0.00013551,-4.782e-5,-0.00010234,-7.623e-5,0.00085335,-4.2599e-5,-3.4192e-5
omega_logCl,0.00015771,0.00013067,-0.00012277,-0.0002985,-4.2599e-5,0.00068574,-4.6515e-6
b,0.00020758,5.9623e-5,-9.0283e-6,-0.00030284,-3.4192e-5,-4.6515e-6,8.2249e-5
