logka_pop,1,0.21891,-0.14184,0.12124,-0.0040893,0.085176,0.046255
logV_pop,0.21891,1,-0.15452,-0.045177,0.062422,0.16472,0.054461
logCl_pop,-0.14184,-0.15452,1,0.045013,-0.13344,-0.15765,0.057357
omega_logka,0.12124,-0.045177,0.045013,1,-0.0021646,-0.049958,-0.017233
omega_logV,-0.0040893,0.062422,-0.13344,-0.0021646,1,0.0055184,-0.095563
omega_logCl,0.085176,0.16472,-0.15765,-0.049958,0.0055184,1,-0.088685
b,0.046255,0.054461,0.057357,-0.017233,-0.095563,-0.088685,1
