logka_pop,0.0023064,0.00071819,-2.617e-6,-0.00072981,-0.0023208,-9.3648e-5,4.1076e-5,7.0418e-6,0.00018134,0.00020032,1.6159e-6
logV1_pop,0.00071819,0.0010409,-4.2826e-6,-0.00056866,-0.001578,-8.5943e-5,6.0069e-5,5.9231e-6,0.00012404,-4.5247e-5,3.1216e-6
logCl_pop,-2.617e-6,-4.2826e-6,0.0008736,1.4592e-5,0.00021364,-1.4558e-5,-1.315e-7,-1.5041e-6,-2.1863e-5,-9.4088e-5,1.6448e-6
logV2_pop,-0.00072981,-0.00056866,1.4592e-5,0.0019126,0.0019049,2.0856e-5,-7.7365e-5,1.2579e-5,-0.00022212,0.00091238,-1.9822e-7
logQ_pop,-0.0023208,-0.001578,0.00021364,0.0019049,0.013444,-0.00013114,-9.2313e-5,-4.2487e-5,-0.00058647,-0.0010921,-1.2897e-6
omega_logka,-9.3648e-5,-8.5943e-5,-1.4558e-5,2.0856e-5,-0.00013114,0.0014528,-0.00012589,-5.3588e-6,-5.5936e-5,-0.00020808,-1.852e-6
omega_logV1,4.1076e-5,6.0069e-5,-1.315e-7,-7.7365e-5,-9.2313e-5,-0.00012589,0.0004671,2.7326e-6,-1.6978e-5,-9.6795e-6,-9.1143e-8
omega_logCl,7.0418e-6,5.9231e-6,-1.5041e-6,1.2579e-5,-4.2487e-5,-5.3588e-6,2.7326e-6,0.00043386,7.3924e-6,1.5591e-5,-1.0343e-7
omega_logV2,0.00018134,0.00012404,-2.1863e-5,-0.00022212,-0.00058647,-5.5936e-5,-1.6978e-5,7.3924e-6,0.001008,0.00025471,-2.5888e-6
omega_logQ,0.00020032,-4.5247e-5,-9.4088e-5,0.00091238,-0.0010921,-0.00020808,-9.6795e-6,1.5591e-5,0.00025471,0.0086614,-7.2516e-6
b,1.6159e-6,3.1216e-6,1.6448e-6,-1.9822e-7,-1.2897e-6,-1.852e-6,-9.1143e-8,-1.0343e-7,-2.5888e-6,-7.2516e-6,4.8805e-6
