logka_pop,1,0.15787,-0.29596,0.2527,0.086291,0.053733,0.031302
logV_pop,0.15787,1,-0.19667,-0.047238,0.04483,0.082481,0.061681
logCl_pop,-0.29596,-0.19667,1,0.036144,-0.15729,-0.1494,0.035419
omega_logka,0.2527,-0.047238,0.036144,1,0.053288,-0.092357,-0.099496
omega_logV,0.086291,0.04483,-0.15729,0.053288,1,-0.046912,-0.15682
omega_logCl,0.053733,0.082481,-0.1494,-0.092357,-0.046912,1,-0.098044
b,0.031302,0.061681,0.035419,-0.099496,-0.15682,-0.098044,1
