logka_pop,0.0064394,0.0006226,-0.00043456,-0.0019614,-0.00027617,0.0001467,0.00010144
logV_pop,0.0006226,0.0013874,-0.00019536,-0.00069567,-0.00011005,0.00012861,3.0793e-5
logCl_pop,-0.00043456,-0.00019536,0.0010953,0.00030069,-9.7682e-5,-0.00016492,1.6216e-5
omega_logka,-0.0019614,-0.00069567,0.00030069,0.015749,0.00047948,-6.1055e-5,-0.00016687
omega_logV,-0.00027617,-0.00011005,-9.7682e-5,0.00047948,0.00085557,-1.9352e-5,-3.7106e-5
omega_logCl,0.0001467,0.00012861,-0.00016492,-6.1055e-5,-1.9352e-5,0.00063165,-2.0626e-5
b,0.00010144,3.0793e-5,1.6216e-5,-0.00016687,-3.7106e-5,-2.0626e-5,7.2055e-5
