logka_pop,1,0.28401,-0.20512,-0.054673,-0.031503,0.082818,0.078078
logV_pop,0.28401,1,-0.13765,-0.11874,-0.075936,0.14412,0.097946
logCl_pop,-0.20512,-0.13765,1,0.082145,-0.090061,-0.13465,0.03947
omega_logka,-0.054673,-0.11874,0.082145,1,0.0064148,-0.024186,-0.12335
omega_logV,-0.031503,-0.075936,-0.090061,0.0064148,1,-0.021829,-0.15175
omega_logCl,0.082818,0.14412,-0.13465,-0.024186,-0.021829,1,-0.020975
b,0.078078,0.097946,0.03947,-0.12335,-0.15175,-0.020975,1
