logka_pop,0.0045869,0.00062165,-0.00047155,-0.00023332,-5.4118e-5,0.00014524,4.3224e-5
logV_pop,0.00062165,0.0010445,-0.000151,-0.0002418,-6.2249e-5,0.00012061,2.5875e-5
logCl_pop,-0.00047155,-0.000151,0.0011521,0.00017569,-7.7539e-5,-0.00011835,1.0951e-5
omega_logka,-0.00023332,-0.0002418,0.00017569,0.0039704,1.0252e-5,-3.9462e-5,-6.3531e-5
omega_logV,-5.4118e-5,-6.2249e-5,-7.7539e-5,1.0252e-5,0.00064337,-1.4337e-5,-3.1464e-5
omega_logCl,0.00014524,0.00012061,-0.00011835,-3.9462e-5,-1.4337e-5,0.00067053,-4.4397e-6
b,4.3224e-5,2.5875e-5,1.0951e-5,-6.3531e-5,-3.1464e-5,-4.4397e-6,6.6816e-5
