logka_pop,1,0.22716,-0.207,-0.043411,0.020333,0.052984,0.060966
logV_pop,0.22716,1,-0.12766,-0.092661,0.018284,0.12498,0.076501
logCl_pop,-0.207,-0.12766,1,0.12916,-0.16983,-0.15169,0.081295
omega_logka,-0.043411,-0.092661,0.12916,1,-0.011775,0.027618,-0.097954
omega_logV,0.020333,0.018284,-0.16983,-0.011775,1,-0.043243,-0.15174
omega_logCl,0.052984,0.12498,-0.15169,0.027618,-0.043243,1,-0.062398
b,0.060966,0.076501,0.081295,-0.097954,-0.15174,-0.062398,1
