logka_pop,1,0.20991,-0.22346,0.28933,-0.016042,0.047804,0.00501
logV_pop,0.20991,1,-0.20816,-0.029823,-0.011921,0.15759,0.055824
logCl_pop,-0.22346,-0.20816,1,-0.0031108,-0.10189,-0.19423,0.061011
omega_logka,0.28933,-0.029823,-0.0031108,1,0.023843,-0.074,-0.11737
omega_logV,-0.016042,-0.011921,-0.10189,0.023843,1,-0.054213,-0.13648
omega_logCl,0.047804,0.15759,-0.19423,-0.074,-0.054213,1,-0.062978
b,0.00501,0.055824,0.061011,-0.11737,-0.13648,-0.062978,1
