logka_pop,0.01138,0.000805,-0.00075177,0.0028803,-4.9119e-5,0.00013199,4.7638e-6
logV_pop,0.000805,0.0012924,-0.00023599,-0.00010005,-1.23e-5,0.00014664,1.7888e-5
logCl_pop,-0.00075177,-0.00023599,0.0009945,-9.1547e-6,-9.2227e-5,-0.00015854,1.715e-5
omega_logka,0.0028803,-0.00010005,-9.1547e-6,0.0087087,6.3862e-5,-0.00017874,-9.7627e-5
omega_logV,-4.9119e-5,-1.23e-5,-9.2227e-5,6.3862e-5,0.0008238,-4.0274e-5,-3.4917e-5
omega_logCl,0.00013199,0.00014664,-0.00015854,-0.00017874,-4.0274e-5,0.00066993,-1.453e-5
b,4.7638e-6,1.7888e-5,1.715e-5,-9.7627e-5,-3.4917e-5,-1.453e-5,7.945e-5
