logka_pop,1,0.23443,-0.18415,0.14449,0.04786,0.10222,-0.0031007
logV_pop,0.23443,1,-0.1387,-0.093621,0.053911,0.16478,0.058947
logCl_pop,-0.18415,-0.1387,1,0.07481,-0.14524,-0.18635,0.070024
omega_logka,0.14449,-0.093621,0.07481,1,-0.15002,-0.063511,-0.060871
omega_logV,0.04786,0.053911,-0.14524,-0.15002,1,0.031763,-0.15272
omega_logCl,0.10222,0.16478,-0.18635,-0.063511,0.031763,1,-0.047683
b,-0.0031007,0.058947,0.070024,-0.060871,-0.15272,-0.047683,1
