logka_pop,0.0058185,0.00061404,-0.00049137,0.00081218,9.8775e-5,0.00021357,-2.0835e-6
logV_pop,0.00061404,0.0011791,-0.0001666,-0.00023689,5.0087e-5,0.00015499,1.783e-5
logCl_pop,-0.00049137,-0.0001666,0.0012237,0.00019284,-0.00013747,-0.00017856,2.1577e-5
omega_logka,0.00081218,-0.00023689,0.00019284,0.0054299,-0.0002991,-0.00012819,-3.9512e-5
omega_logV,9.8775e-5,5.0087e-5,-0.00013747,-0.0002991,0.00073205,2.354e-5,-3.6399e-5
omega_logCl,0.00021357,0.00015499,-0.00017856,-0.00012819,2.354e-5,0.00075029,-1.1505e-5
b,-2.0835e-6,1.783e-5,2.1577e-5,-3.9512e-5,-3.6399e-5,-1.1505e-5,7.7597e-5
