logka_pop,1,0.2542,-0.2672,0.14495,0.08776,0.11337,-0.0075063
logV_pop,0.2542,1,-0.20551,-0.15447,0.052559,0.16876,0.049412
logCl_pop,-0.2672,-0.20551,1,0.064074,-0.13054,-0.17411,0.036228
omega_logka,0.14495,-0.15447,0.064074,1,0.042652,-0.089138,-0.14513
omega_logV,0.08776,0.052559,-0.13054,0.042652,1,-0.027165,-0.086682
omega_logCl,0.11337,0.16876,-0.17411,-0.089138,-0.027165,1,-0.075306
b,-0.0075063,0.049412,0.036228,-0.14513,-0.086682,-0.075306,1
