logka_pop,0.0063347,0.00071797,-0.00067176,0.0009749,0.00017805,0.00021807,-5.0451e-6
logV_pop,0.00071797,0.0012593,-0.00023036,-0.00046321,4.7543e-5,0.00014473,1.4807e-5
logCl_pop,-0.00067176,-0.00023036,0.00099776,0.00017103,-0.00010511,-0.00013291,9.6635e-6
omega_logka,0.0009749,-0.00046321,0.00017103,0.0071405,9.1872e-5,-0.00018204,-0.00010356
omega_logV,0.00017805,4.7543e-5,-0.00010511,9.1872e-5,0.00064978,-1.6735e-5,-1.8659e-5
omega_logCl,0.00021807,0.00014473,-0.00013291,-0.00018204,-1.6735e-5,0.00058409,-1.5369e-5
b,-5.0451e-6,1.4807e-5,9.6635e-6,-0.00010356,-1.8659e-5,-1.5369e-5,7.1311e-5
