logka_pop,0.0065619,0.00080329,-0.00053275,-0.0018298,0.00017655,2.639e-5,0.00010087
logV_pop,0.00080329,0.0013575,-0.00013479,-0.0007491,5.8352e-5,0.00014794,2.6461e-5
logCl_pop,-0.00053275,-0.00013479,0.0008724,0.00028059,-0.00015408,-9.5556e-5,1.0098e-5
omega_logka,-0.0018298,-0.0007491,0.00028059,0.0061721,-0.00015332,-4.4846e-5,-0.00013574
omega_logV,0.00017655,5.8352e-5,-0.00015408,-0.00015332,0.0009265,-3.6852e-6,-2.5862e-5
omega_logCl,2.639e-5,0.00014794,-9.5556e-5,-4.4846e-5,-3.6852e-6,0.00056671,-1.9403e-5
b,0.00010087,2.6461e-5,1.0098e-5,-0.00013574,-2.5862e-5,-1.9403e-5,7.4302e-5
