logka_pop,1,0.17652,-0.19993,0.31724,-0.0069177,-0.018671,0.024613
logV_pop,0.17652,1,-0.16801,-0.066404,0.035323,0.11324,0.064701
logCl_pop,-0.19993,-0.16801,1,0.069101,-0.17968,-0.14889,0.054224
omega_logka,0.31724,-0.066404,0.069101,1,-0.14234,-0.068489,-0.034245
omega_logV,-0.0069177,0.035323,-0.17968,-0.14234,1,0.026975,-0.13759
omega_logCl,-0.018671,0.11324,-0.14889,-0.068489,0.026975,1,-0.079267
b,0.024613,0.064701,0.054224,-0.034245,-0.13759,-0.079267,1
