logka_pop,0.009346,0.00059564,-0.00059012,0.0030088,-2.0442e-5,-4.3854e-5,1.9248e-5
logV_pop,0.00059564,0.0012183,-0.00017904,-0.00022739,3.7687e-5,9.6026e-5,1.8268e-5
logCl_pop,-0.00059012,-0.00017904,0.00093221,0.00020698,-0.00016769,-0.00011045,1.3392e-5
omega_logka,0.0030088,-0.00022739,0.00020698,0.0096244,-0.00042685,-0.00016324,-2.7177e-5
omega_logV,-2.0442e-5,3.7687e-5,-0.00016769,-0.00042685,0.00093433,2.0033e-5,-3.4022e-5
omega_logCl,-4.3854e-5,9.6026e-5,-0.00011045,-0.00016324,2.0033e-5,0.00059026,-1.5578e-5
b,1.9248e-5,1.8268e-5,1.3392e-5,-2.7177e-5,-3.4022e-5,-1.5578e-5,6.5436e-5
