logka_pop,1,-0.019689,-0.12675,0.64338,-0.13371,-0.10386,-0.042981
logV_pop,-0.019689,1,-0.16543,-0.24255,0.16278,0.16513,0.070565
logCl_pop,-0.12675,-0.16543,1,0.042895,-0.15441,-0.18535,0.067204
omega_logka,0.64338,-0.24255,0.042895,1,-0.28119,-0.18486,-0.10775
omega_logV,-0.13371,0.16278,-0.15441,-0.28119,1,0.04333,-0.14414
omega_logCl,-0.10386,0.16513,-0.18535,-0.18486,0.04333,1,-0.075242
b,-0.042981,0.070565,0.067204,-0.10775,-0.14414,-0.075242,1
