logka_pop,0.019206,-9.5254e-5,-0.00064499,0.016044,-0.00056563,-0.00042694,-5.319e-5
logV_pop,-9.5254e-5,0.0012186,-0.00021205,-0.0015236,0.00017345,0.00017098,2.1997e-5
logCl_pop,-0.00064499,-0.00021205,0.0013482,0.00028341,-0.00017306,-0.00020188,2.2035e-5
omega_logka,0.016044,-0.0015236,0.00028341,0.032379,-0.0015444,-0.00098665,-0.00017314
omega_logV,-0.00056563,0.00017345,-0.00017306,-0.0015444,0.0009317,3.9231e-5,-3.9288e-5
omega_logCl,-0.00042694,0.00017098,-0.00020188,-0.00098665,3.9231e-5,0.00087983,-1.9929e-5
b,-5.319e-5,2.1997e-5,2.2035e-5,-0.00017314,-3.9288e-5,-1.9929e-5,7.9737e-5
