logka_pop,1,0.16775,-0.16775,-0.13645,-0.02176,0.031779,-0.028153
logV_pop,0.16775,1,-0.11666,-0.068389,0.025616,0.12311,0.0080587
logCl_pop,-0.16775,-0.11666,1,0.072101,-0.119,-0.16793,0.068082
omega_logka,-0.13645,-0.068389,0.072101,1,-0.01267,0.045989,-0.071043
omega_logV,-0.02176,0.025616,-0.119,-0.01267,1,-0.020907,-0.050384
omega_logCl,0.031779,0.12311,-0.16793,0.045989,-0.020907,1,-0.085778
b,-0.028153,0.0080587,0.068082,-0.071043,-0.050384,-0.085778,1
