logka_pop,0.0049226,0.00047056,-0.0003902,-0.00072573,-4.8154e-5,5.7098e-5,-1.6257e-5
logV_pop,0.00047056,0.0015986,-0.00015464,-0.00020727,3.2304e-5,0.00012605,2.6519e-6
logCl_pop,-0.0003902,-0.00015464,0.0010991,0.0001812,-0.00012443,-0.00014257,1.8578e-5
omega_logka,-0.00072573,-0.00020727,0.0001812,0.0057463,-3.0293e-5,8.9275e-5,-4.4325e-5
omega_logV,-4.8154e-5,3.2304e-5,-0.00012443,-3.0293e-5,0.00099485,-1.6887e-5,-1.308e-5
omega_logCl,5.7098e-5,0.00012605,-0.00014257,8.9275e-5,-1.6887e-5,0.00065579,-1.8079e-5
b,-1.6257e-5,2.6519e-6,1.8578e-5,-4.4325e-5,-1.308e-5,-1.8079e-5,6.7742e-5
