logka_pop,1,0.18136,-0.23488,0.18006,0.035258,0.012717,0.033465
logV_pop,0.18136,1,-0.090351,-0.093337,-0.021965,0.10666,0.0711
logCl_pop,-0.23488,-0.090351,1,-0.013941,-0.1453,-0.099663,0.059076
omega_logka,0.18006,-0.093337,-0.013941,1,0.059883,-0.041207,-0.20206
omega_logV,0.035258,-0.021965,-0.1453,0.059883,1,0.029427,-0.16931
omega_logCl,0.012717,0.10666,-0.099663,-0.041207,0.029427,1,-0.078353
b,0.033465,0.0711,0.059076,-0.20206,-0.16931,-0.078353,1
