logka_pop,0.0076859,0.00055936,-0.00059388,0.0016348,8.723e-5,2.4373e-5,2.4769e-5
logV_pop,0.00055936,0.0012377,-9.1673e-5,-0.00034006,-2.1807e-5,8.2034e-5,2.1117e-5
logCl_pop,-0.00059388,-9.1673e-5,0.00083177,-4.1639e-5,-0.00011826,-6.2838e-5,1.4384e-5
omega_logka,0.0016348,-0.00034006,-4.1639e-5,0.010725,0.00017501,-9.3294e-5,-0.00017666
omega_logV,8.723e-5,-2.1807e-5,-0.00011826,0.00017501,0.00079638,1.8155e-5,-4.0337e-5
omega_logCl,2.4373e-5,8.2034e-5,-6.2838e-5,-9.3294e-5,1.8155e-5,0.00047794,-1.4461e-5
b,2.4769e-5,2.1117e-5,1.4384e-5,-0.00017666,-4.0337e-5,-1.4461e-5,7.1272e-5
