logka_pop,0.0044475,0.00057469,-0.00036856,0.000666,-0.00013526,0.00019416,4.3798e-5
logV_pop,0.00057469,0.0014104,-0.00016339,-0.0001954,-1.4327e-5,0.00018076,2.568e-5
logCl_pop,-0.00036856,-0.00016339,0.0014892,0.0001403,-0.00010121,-0.0001907,9.2715e-6
omega_logka,0.000666,-0.0001954,0.0001403,0.0040456,-0.00014809,-0.00011277,-4.4098e-5
omega_logV,-0.00013526,-1.4327e-5,-0.00010121,-0.00014809,0.00093633,-1.0355e-5,-4.546e-5
omega_logCl,0.00019416,0.00018076,-0.0001907,-0.00011277,-1.0355e-5,0.00094928,-1.0408e-5
b,4.3798e-5,2.568e-5,9.2715e-6,-4.4098e-5,-4.546e-5,-1.0408e-5,7.8904e-5
