logV1_pop,0.00080999,-0.00019363,-2.3591e-7,-5.6456e-5,-5.0444e-5,-3.6916e-6,-8.6432e-5,9.2142e-5,-1.1113e-5,2.5935e-5,4.4615e-6
logQ_pop,-0.00019363,0.0024609,-0.00037619,0.00026421,-3.4408e-5,1.7538e-5,0.00059683,-0.00032101,7.5172e-5,-0.00028895,-5.6317e-6
logV2_pop,-2.3591e-7,-0.00037619,0.0024178,-0.00059637,-0.00020284,-2.0867e-6,7.1355e-5,-1.2195e-5,0.00013239,0.00033123,9.4342e-6
logVm_pop,-5.6456e-5,0.00026421,-0.00059637,0.0020992,0.002063,-3.8401e-6,0.0004291,-0.00037001,-0.00025522,-2.6431e-5,-3.1383e-6
logKm_pop,-5.0444e-5,-3.4408e-5,-0.00020284,0.002063,0.005782,-7.3867e-6,0.00071131,-0.00032763,-0.0002001,6.102e-5,-4.2356e-6
omega_logV1,-3.6916e-6,1.7538e-5,-2.0867e-6,-3.8401e-6,-7.3867e-6,0.00041979,-2.9042e-7,-9.8117e-6,6.9207e-6,1.9747e-6,-7.1461e-7
omega_logQ,-8.6432e-5,0.00059683,7.1355e-5,0.0004291,0.00071131,-2.9042e-7,0.0029899,-0.00068209,0.00027098,-0.00039102,-1.4659e-5
omega_logV2,9.2142e-5,-0.00032101,-1.2195e-5,-0.00037001,-0.00032763,-9.8117e-6,-0.00068209,0.003313,-0.00017036,9.0057e-5,-1.3723e-5
omega_logVm,-1.1113e-5,7.5172e-5,0.00013239,-0.00025522,-0.0002001,6.9207e-6,0.00027098,-0.00017036,0.00073001,-0.00010263,-1.9826e-6
omega_logKm,2.5935e-5,-0.00028895,0.00033123,-2.6431e-5,6.102e-5,1.9747e-6,-0.00039102,9.0057e-5,-0.00010263,0.0028797,8.4363e-7
b,4.4615e-6,-5.6317e-6,9.4342e-6,-3.1383e-6,-4.2356e-6,-7.1461e-7,-1.4659e-5,-1.3723e-5,-1.9826e-6,8.4363e-7,1.1406e-5
