logka_pop,1,0.16151,-0.1835,0.37034,0.023343,-0.0246,0.069765
logV_pop,0.16151,1,-0.15702,-0.11051,0.013433,0.11404,0.1054
logCl_pop,-0.1835,-0.15702,1,0.014843,-0.10979,-0.14844,0.049724
omega_logka,0.37034,-0.11051,0.014843,1,-0.0073851,-0.089903,-0.092107
omega_logV,0.023343,0.013433,-0.10979,-0.0073851,1,-0.025271,-0.15244
omega_logCl,-0.0246,0.11404,-0.14844,-0.089903,-0.025271,1,-0.10023
b,0.069765,0.1054,0.049724,-0.092107,-0.15244,-0.10023,1
