logka_pop,0.0099201,0.00051174,-0.00054376,0.0044382,5.8153e-5,-5.6383e-5,6.056e-5
logV_pop,0.00051174,0.001012,-0.00014862,-0.00042299,1.0689e-5,8.3487e-5,2.9222e-5
logCl_pop,-0.00054376,-0.00014862,0.00088519,5.3134e-5,-8.1707e-5,-0.00010163,1.2894e-5
omega_logka,0.0044382,-0.00042299,5.3134e-5,0.014477,-2.2226e-5,-0.00024892,-9.6588e-5
omega_logV,5.8153e-5,1.0689e-5,-8.1707e-5,-2.2226e-5,0.00062564,-1.4546e-5,-3.3231e-5
omega_logCl,-5.6383e-5,8.3487e-5,-0.00010163,-0.00024892,-1.4546e-5,0.00052954,-2.0101e-5
b,6.056e-5,2.9222e-5,1.2894e-5,-9.6588e-5,-3.3231e-5,-2.0101e-5,7.596e-5
