logV1_pop,0.00083052,-0.00031352,-0.00026167,-5.0055e-5,-5.7113e-5,-1.1908e-5,4.3528e-5,0.0002721,6.2851e-5,-1.0141e-5,1.6711e-6
logQ_pop,-0.00031352,0.0040768,-0.00080497,0.00067906,0.0014286,-2.4912e-5,-0.00041632,0.0017383,-0.00033748,-0.00027825,-2.1091e-6
logV2_pop,-0.00026167,-0.00080497,0.0048292,-0.00090061,0.0014613,1.1064e-5,0.0003406,-0.0040537,0.00027476,0.0026077,2.0367e-6
logVm_pop,-5.0055e-5,0.00067906,-0.00090061,0.0015924,0.0017703,2.4287e-6,-0.00018363,0.00096769,-0.00037846,-0.00013975,-2.2911e-6
logKm_pop,-5.7113e-5,0.0014286,0.0014613,0.0017703,0.015964,6.9379e-5,-0.00038077,-0.00079534,-0.00036443,0.0038517,-1.3811e-5
omega_logV1,-1.1908e-5,-2.4912e-5,1.1064e-5,2.4287e-6,6.9379e-5,0.0004471,-3.0306e-7,-8.4474e-5,-4.6979e-6,-1.262e-5,-6.8438e-7
omega_logQ,4.3528e-5,-0.00041632,0.0003406,-0.00018363,-0.00038077,-3.0306e-7,0.002977,-0.00029087,-1.2594e-5,0.00023223,-7.0265e-6
omega_logV2,0.0002721,0.0017383,-0.0040537,0.00096769,-0.00079534,-8.4474e-5,-0.00029087,0.0096085,-0.00044807,-0.0030981,-1.1582e-5
omega_logVm,6.2851e-5,-0.00033748,0.00027476,-0.00037846,-0.00036443,-4.6979e-6,-1.2594e-5,-0.00044807,0.00084432,0.00012139,8.554e-7
omega_logKm,-1.0141e-5,-0.00027825,0.0026077,-0.00013975,0.0038517,-1.262e-5,0.00023223,-0.0030981,0.00012139,0.010389,-4.8023e-6
b,1.6711e-6,-2.1091e-6,2.0367e-6,-2.2911e-6,-1.3811e-5,-6.8438e-7,-7.0265e-6,-1.1582e-5,8.554e-7,-4.8023e-6,5.0207e-6
