logka_pop,1,0.18244,-0.18435,0.19629,-0.027625,0.0049817,0.05073
logV_pop,0.18244,1,-0.20013,-0.13818,0.079958,0.091494,0.089246
logCl_pop,-0.18435,-0.20013,1,0.098387,-0.13202,-0.14543,0.022654
omega_logka,0.19629,-0.13818,0.098387,1,-0.091736,-0.060823,-0.23981
omega_logV,-0.027625,0.079958,-0.13202,-0.091736,1,-0.054471,-0.081203
omega_logCl,0.0049817,0.091494,-0.14543,-0.060823,-0.054471,1,-0.12049
b,0.05073,0.089246,0.022654,-0.23981,-0.081203,-0.12049,1
