logka_pop,0.0074701,0.00057592,-0.00053058,0.001928,-6.6477e-5,1.159e-5,3.8764e-5
logV_pop,0.00057592,0.001334,-0.0002434,-0.00057352,8.1311e-5,8.9955e-5,2.8818e-5
logCl_pop,-0.00053058,-0.0002434,0.0011089,0.00037232,-0.0001224,-0.00013036,6.6692e-6
omega_logka,0.001928,-0.00057352,0.00037232,0.012914,-0.00029026,-0.00018606,-0.00024094
omega_logV,-6.6477e-5,8.1311e-5,-0.0001224,-0.00029026,0.0007752,-4.0825e-5,-1.9989e-5
omega_logCl,1.159e-5,8.9955e-5,-0.00013036,-0.00018606,-4.0825e-5,0.0007246,-2.8674e-5
b,3.8764e-5,2.8818e-5,6.6692e-6,-0.00024094,-1.9989e-5,-2.8674e-5,7.8164e-5
