logka_pop,1,0.19019,-0.1694,0.41854,0.0022093,0.044673,0.030068
logV_pop,0.19019,1,-0.17587,0.0077525,0.047589,0.13651,0.039684
logCl_pop,-0.1694,-0.17587,1,0.0072624,-0.10136,-0.15847,0.019281
omega_logka,0.41854,0.0077525,0.0072624,1,-0.087989,-0.036371,-0.021203
omega_logV,0.0022093,0.047589,-0.10136,-0.087989,1,-0.071287,-0.11586
omega_logCl,0.044673,0.13651,-0.15847,-0.036371,-0.071287,1,-0.04995
b,0.030068,0.039684,0.019281,-0.021203,-0.11586,-0.04995,1
