logka_pop,0.0088032,0.0006294,-0.00055372,0.0033503,5.8282e-6,0.00012183,2.3463e-5
logV_pop,0.0006294,0.0012441,-0.00021611,2.3328e-5,4.7193e-5,0.00013995,1.1641e-5
logCl_pop,-0.00055372,-0.00021611,0.0012137,2.1585e-5,-9.9278e-5,-0.00016046,5.5865e-6
omega_logka,0.0033503,2.3328e-5,2.1585e-5,0.0072785,-0.00021106,-9.0187e-5,-1.5044e-5
omega_logV,5.8282e-6,4.7193e-5,-9.9278e-5,-0.00021106,0.00079049,-5.8255e-5,-2.7093e-5
omega_logCl,0.00012183,0.00013995,-0.00016046,-9.0187e-5,-5.8255e-5,0.00084477,-1.2074e-5
b,2.3463e-5,1.1641e-5,5.5865e-6,-1.5044e-5,-2.7093e-5,-1.2074e-5,6.917e-5
