logka_pop,1,0.23389,-0.16686,-0.041982,0.0072339,0.034847,0.062669
logV_pop,0.23389,1,-0.12111,-0.13255,0.017862,0.095646,0.067227
logCl_pop,-0.16686,-0.12111,1,0.059406,-0.11552,-0.11634,0.050423
omega_logka,-0.041982,-0.13255,0.059406,1,0.0094746,-0.049945,-0.11941
omega_logV,0.0072339,0.017862,-0.11552,0.0094746,1,-0.026192,-0.15589
omega_logCl,0.034847,0.095646,-0.11634,-0.049945,-0.026192,1,-0.075041
b,0.062669,0.067227,0.050423,-0.11941,-0.15589,-0.075041,1
