logka_pop,0.0055609,0.00062925,-0.00040227,-0.00026153,1.6159e-5,6.5265e-5,4.0003e-5
logV_pop,0.00062925,0.0013016,-0.00014125,-0.0003995,1.9303e-5,8.6666e-5,2.0761e-5
logCl_pop,-0.00040227,-0.00014125,0.0010452,0.00016044,-0.00011187,-9.4467e-5,1.3954e-5
omega_logka,-0.00026153,-0.0003995,0.00016044,0.0069789,2.3709e-5,-0.00010479,-8.5391e-5
omega_logV,1.6159e-5,1.9303e-5,-0.00011187,2.3709e-5,0.00089727,-1.9705e-5,-3.9971e-5
omega_logCl,6.5265e-5,8.6666e-5,-9.4467e-5,-0.00010479,-1.9705e-5,0.00063081,-1.6133e-5
b,4.0003e-5,2.0761e-5,1.3954e-5,-8.5391e-5,-3.9971e-5,-1.6133e-5,7.3272e-5
