logka_pop,1,0.42722,-0.50856,-0.71089,-0.13634,0.39682,0.27954
logV_pop,0.42722,1,-0.32631,-0.38814,-0.10872,0.30158,0.16976
logCl_pop,-0.50856,-0.32631,1,0.57252,0.014564,-0.40872,-0.1835
omega_logka,-0.71089,-0.38814,0.57252,1,0.15238,-0.5114,-0.41426
omega_logV,-0.13634,-0.10872,0.014564,0.15238,1,-0.13449,-0.159
omega_logCl,0.39682,0.30158,-0.40872,-0.5114,-0.13449,1,0.13943
b,0.27954,0.16976,-0.1835,-0.41426,-0.159,0.13943,1
