logka_pop,0.0083315,0.0015837,-0.0019062,-0.024968,-0.00037338,0.0011756,0.00022811
logV_pop,0.0015837,0.0016494,-0.0005442,-0.0060657,-0.00013248,0.00039753,6.1635e-5
logCl_pop,-0.0019062,-0.0005442,0.0016863,0.0090464,1.7944e-5,-0.00054474,-6.7364e-5
omega_logka,-0.024968,-0.0060657,0.0090464,0.14806,0.0017592,-0.0063868,-0.0014251
omega_logV,-0.00037338,-0.00013248,1.7944e-5,0.0017592,0.00090019,-0.00013097,-4.2649e-5
omega_logCl,0.0011756,0.00039753,-0.00054474,-0.0063868,-0.00013097,0.0010534,4.0456e-5
b,0.00022811,6.1635e-5,-6.7364e-5,-0.0014251,-4.2649e-5,4.0456e-5,7.9921e-5
