logka_pop,1,-0.21523,-0.027598,0.83674,-0.46905,-0.11404,-0.086426
logV_pop,-0.21523,1,-0.19792,-0.41615,0.29552,0.24804,0.098464
logCl_pop,-0.027598,-0.19792,1,0.11187,-0.13847,-0.18771,0.02776
omega_logka,0.83674,-0.41615,0.11187,1,-0.56686,-0.19794,-0.13814
omega_logV,-0.46905,0.29552,-0.13847,-0.56686,1,0.11734,-0.043985
omega_logCl,-0.11404,0.24804,-0.18771,-0.19794,0.11734,1,-0.026703
b,-0.086426,0.098464,0.02776,-0.13814,-0.043985,-0.026703,1
