logka_pop,0.031486,-0.0012985,-0.00018573,0.055265,-0.0025507,-0.00062911,-0.00012989
logV_pop,-0.0012985,0.001156,-0.00025522,-0.0052666,0.00030792,0.00026219,2.8355e-5
logCl_pop,-0.00018573,-0.00025522,0.0014385,0.0015794,-0.00016095,-0.00022135,8.9176e-6
omega_logka,0.055265,-0.0052666,0.0015794,0.13855,-0.0064664,-0.0022907,-0.00043551
omega_logV,-0.0025507,0.00030792,-0.00016095,-0.0064664,0.00093921,0.0001118,-1.1418e-5
omega_logCl,-0.00062911,0.00026219,-0.00022135,-0.0022907,0.0001118,0.0009666,-7.0319e-6
b,-0.00012989,2.8355e-5,8.9176e-6,-0.00043551,-1.1418e-5,-7.0319e-6,7.1741e-5
