logka_pop,1,0.38514,-0.24371,-0.40164,-0.038897,0.21931,0.050681
logV_pop,0.38514,1,-0.20699,-0.1564,-0.033023,0.21982,0.053066
logCl_pop,-0.24371,-0.20699,1,0.16317,-0.1115,-0.25316,0.094318
omega_logka,-0.40164,-0.1564,0.16317,1,-0.11761,-0.19539,0.024279
omega_logV,-0.038897,-0.033023,-0.1115,-0.11761,1,-0.029532,-0.20324
omega_logCl,0.21931,0.21982,-0.25316,-0.19539,-0.029532,1,-0.064952
b,0.050681,0.053066,0.094318,0.024279,-0.20324,-0.064952,1
