logka_pop,0.0041648,0.00083827,-0.00057094,-0.00204,-6.7349e-5,0.00040249,2.8772e-5
logV_pop,0.00083827,0.0011375,-0.00025342,-0.00041514,-2.9882e-5,0.00021083,1.5744e-5
logCl_pop,-0.00057094,-0.00025342,0.0013178,0.00046617,-0.00010859,-0.00026134,3.0119e-5
omega_logka,-0.00204,-0.00041514,0.00046617,0.0061941,-0.00024836,-0.00043731,1.6809e-5
omega_logV,-6.7349e-5,-2.9882e-5,-0.00010859,-0.00024836,0.00071986,-2.2533e-5,-4.7968e-5
omega_logCl,0.00040249,0.00021083,-0.00026134,-0.00043731,-2.2533e-5,0.00080871,-1.6248e-5
b,2.8772e-5,1.5744e-5,3.0119e-5,1.6809e-5,-4.7968e-5,-1.6248e-5,7.7383e-5
