logka_pop,1,0.16751,-0.15563,0.42246,-0.067957,0.016645,0.10805
logV_pop,0.16751,1,-0.2033,-0.096128,0.02024,0.13974,0.065498
logCl_pop,-0.15563,-0.2033,1,0.11995,-0.13541,-0.15466,0.019332
omega_logka,0.42246,-0.096128,0.11995,1,-0.042413,-0.091623,-0.092476
omega_logV,-0.067957,0.02024,-0.13541,-0.042413,1,-0.033216,-0.13947
omega_logCl,0.016645,0.13974,-0.15466,-0.091623,-0.033216,1,-0.1025
b,0.10805,0.065498,0.019332,-0.092476,-0.13947,-0.1025,1
