logka_pop,0.012072,0.00062594,-0.00056077,0.0064184,-0.00021649,4.7561e-5,0.00010258
logV_pop,0.00062594,0.0011567,-0.00022674,-0.00045208,1.9959e-5,0.0001236,1.9248e-5
logCl_pop,-0.00056077,-0.00022674,0.0010754,0.00054393,-0.00012875,-0.0001319,5.4777e-6
omega_logka,0.0064184,-0.00045208,0.00054393,0.019121,-0.00017005,-0.00032948,-0.00011049
omega_logV,-0.00021649,1.9959e-5,-0.00012875,-0.00017005,0.00084069,-2.5046e-5,-3.4942e-5
omega_logCl,4.7561e-5,0.0001236,-0.0001319,-0.00032948,-2.5046e-5,0.00067632,-2.3032e-5
b,0.00010258,1.9248e-5,5.4777e-6,-0.00011049,-3.4942e-5,-2.3032e-5,7.4658e-5
