logka_pop,1,0.21406,-0.17281,0.018682,0.033151,0.069692,0.030366
logV_pop,0.21406,1,-0.1591,-0.045943,0.0715,0.12857,0.013757
logCl_pop,-0.17281,-0.1591,1,0.086786,-0.1694,-0.20568,0.087734
omega_logka,0.018682,-0.045943,0.086786,1,-0.12577,-0.081014,-0.06058
omega_logV,0.033151,0.0715,-0.1694,-0.12577,1,0.008601,-0.12949
omega_logCl,0.069692,0.12857,-0.20568,-0.081014,0.008601,1,-0.08611
b,0.030366,0.013757,0.087734,-0.06058,-0.12949,-0.08611,1
