logka_pop,0.0044392,0.00053322,-0.0003764,8.2397e-5,6.8683e-5,0.00011893,1.6715e-5
logV_pop,0.00053322,0.0013978,-0.00019446,-0.0001137,8.3126e-5,0.00012312,4.2492e-6
logCl_pop,-0.0003764,-0.00019446,0.0010688,0.00018781,-0.00017222,-0.00017223,2.3696e-5
omega_logka,8.2397e-5,-0.0001137,0.00018781,0.004382,-0.0002589,-0.00013736,-3.3131e-5
omega_logV,6.8683e-5,8.3126e-5,-0.00017222,-0.0002589,0.00096699,6.8506e-6,-3.3266e-5
omega_logCl,0.00011893,0.00012312,-0.00017223,-0.00013736,6.8506e-6,0.00065606,-1.8222e-5
b,1.6715e-5,4.2492e-6,2.3696e-5,-3.3131e-5,-3.3266e-5,-1.8222e-5,6.8256e-5
