logka_pop,1,0.17723,-0.10949,-0.19011,-0.075545,0.031568,0.031059
logV_pop,0.17723,1,-0.12134,-0.13686,-0.031379,0.12429,0.049997
logCl_pop,-0.10949,-0.12134,1,0.10143,-0.064477,-0.14952,0.041547
omega_logka,-0.19011,-0.13686,0.10143,1,0.16281,-0.17195,-0.15184
omega_logV,-0.075545,-0.031379,-0.064477,0.16281,1,-0.089367,-0.10503
omega_logCl,0.031568,0.12429,-0.14952,-0.17195,-0.089367,1,-0.045285
b,0.031059,0.049997,0.041547,-0.15184,-0.10503,-0.045285,1
