logka_pop,1,0.28903,-0.19544,0.086142,0.0011457,0.050937,0.0012234
logV_pop,0.28903,1,-0.21115,-0.023516,0.086887,0.13779,0.033324
logCl_pop,-0.19544,-0.21115,1,0.044449,-0.1369,-0.16638,0.074763
omega_logka,0.086142,-0.023516,0.044449,1,-0.15829,0.016211,-0.016951
omega_logV,0.0011457,0.086887,-0.1369,-0.15829,1,-0.059337,-0.16914
omega_logCl,0.050937,0.13779,-0.16638,0.016211,-0.059337,1,-0.098392
b,0.0012234,0.033324,0.074763,-0.016951,-0.16914,-0.098392,1
