logka_pop,0.0041491,0.0005963,-0.00043487,0.00036306,2.1074e-6,8.856e-5,6.9516e-7
logV_pop,0.0005963,0.0010259,-0.00023362,-4.9283e-5,7.9467e-5,0.00011912,9.4156e-6
logCl_pop,-0.00043487,-0.00023362,0.0011933,0.00010047,-0.00013504,-0.00015513,2.2783e-5
omega_logka,0.00036306,-4.9283e-5,0.00010047,0.0042813,-0.00029576,2.863e-5,-9.7847e-6
omega_logV,2.1074e-6,7.9467e-5,-0.00013504,-0.00029576,0.0008154,-4.5734e-5,-4.2607e-5
omega_logCl,8.856e-5,0.00011912,-0.00015513,2.863e-5,-4.5734e-5,0.00072853,-2.3428e-5
b,6.9516e-7,9.4156e-6,2.2783e-5,-9.7847e-6,-4.2607e-5,-2.3428e-5,7.7822e-5
