logka_pop,1,0.23976,-0.18552,0.16893,0.069424,0.053144,0.067947
logV_pop,0.23976,1,-0.13894,-0.040563,-0.0091369,0.12238,0.089108
logCl_pop,-0.18552,-0.13894,1,0.026434,-0.10779,-0.14103,0.041612
omega_logka,0.16893,-0.040563,0.026434,1,-0.019231,-0.048403,0.028915
omega_logV,0.069424,-0.0091369,-0.10779,-0.019231,1,-0.037803,-0.13408
omega_logCl,0.053144,0.12238,-0.14103,-0.048403,-0.037803,1,-0.086139
b,0.067947,0.089108,0.041612,0.028915,-0.13408,-0.086139,1
