logka_pop,1,0.21784,-0.18791,0.10838,-0.063913,0.089369,0.06966
logV_pop,0.21784,1,-0.10359,-0.081047,0.010364,0.12771,0.033193
logCl_pop,-0.18791,-0.10359,1,0.056773,-0.12265,-0.14404,0.039265
omega_logka,0.10838,-0.081047,0.056773,1,-0.15339,0.038856,-0.072789
omega_logV,-0.063913,0.010364,-0.12265,-0.15339,1,-0.00080155,-0.11431
omega_logCl,0.089369,0.12771,-0.14404,0.038856,-0.00080155,1,-0.087469
b,0.06966,0.033193,0.039265,-0.072789,-0.11431,-0.087469,1
