logka_pop,1,0.54159,-0.3363,-0.84289,0.0056058,0.36094,0.35775
logV_pop,0.54159,1,-0.24732,-0.50515,0.012925,0.30485,0.24202
logCl_pop,-0.3363,-0.24732,1,0.31363,-0.095098,-0.2551,-0.065219
omega_logka,-0.84289,-0.50515,0.31363,1,-0.0032979,-0.36471,-0.39278
omega_logV,0.0056058,0.012925,-0.095098,-0.0032979,1,-0.054745,-0.11719
omega_logCl,0.36094,0.30485,-0.2551,-0.36471,-0.054745,1,0.080825
b,0.35775,0.24202,-0.065219,-0.39278,-0.11719,0.080825,1
