logka_pop,0.013496,0.0026705,-0.0015695,-0.01196,1.9688e-5,0.0014057,0.00038818
logV_pop,0.0026705,0.0018015,-0.00042171,-0.0026188,1.6584e-5,0.00043376,9.5941e-5
logCl_pop,-0.0015695,-0.00042171,0.0016138,0.0015389,-0.00011549,-0.00034355,-2.4471e-5
omega_logka,-0.01196,-0.0026188,0.0015389,0.014918,-1.2177e-5,-0.0014933,-0.00044808
omega_logV,1.9688e-5,1.6584e-5,-0.00011549,-1.2177e-5,0.00091393,-5.5482e-5,-3.309e-5
omega_logCl,0.0014057,0.00043376,-0.00034355,-0.0014933,-5.5482e-5,0.0011238,2.5307e-5
b,0.00038818,9.5941e-5,-2.4471e-5,-0.00044808,-3.309e-5,2.5307e-5,8.7234e-5
