logka_pop,1,0.23083,-0.22928,0.10628,-0.032035,0.085757,0.11477
logV_pop,0.23083,1,-0.18435,-0.0727,0.045932,0.13357,0.064452
logCl_pop,-0.22928,-0.18435,1,0.031263,-0.12274,-0.19721,0.041797
omega_logka,0.10628,-0.0727,0.031263,1,0.020375,-0.086876,-0.078784
omega_logV,-0.032035,0.045932,-0.12274,0.020375,1,-0.04614,-0.14747
omega_logCl,0.085757,0.13357,-0.19721,-0.086876,-0.04614,1,-0.11381
b,0.11477,0.064452,0.041797,-0.078784,-0.14747,-0.11381,1
