logka_pop,0.0080334,0.00074563,-0.00060356,0.00064205,-8.2794e-5,0.00018478,8.8988e-5
logV_pop,0.00074563,0.0012989,-0.00019514,-0.0001766,4.7733e-5,0.00011572,2.0094e-5
logCl_pop,-0.00060356,-0.00019514,0.00086264,6.1891e-5,-0.00010395,-0.00013925,1.0619e-5
omega_logka,0.00064205,-0.0001766,6.1891e-5,0.0045432,3.96e-5,-0.00014077,-4.5937e-5
omega_logV,-8.2794e-5,4.7733e-5,-0.00010395,3.96e-5,0.00083148,-3.1985e-5,-3.6787e-5
omega_logCl,0.00018478,0.00011572,-0.00013925,-0.00014077,-3.1985e-5,0.00057794,-2.3668e-5
b,8.8988e-5,2.0094e-5,1.0619e-5,-4.5937e-5,-3.6787e-5,-2.3668e-5,7.4832e-5
