logka_pop,1,0.2429,-0.18374,0.11472,0.013642,0.076424,-0.0070945
logV_pop,0.2429,1,-0.15545,-0.14814,-0.00060973,0.123,0.15099
logCl_pop,-0.18374,-0.15545,1,0.020054,-0.075897,-0.14331,8.8853e-5
omega_logka,0.11472,-0.14814,0.020054,1,0.1843,-0.062837,-0.64831
omega_logV,0.013642,-0.00060973,-0.075897,0.1843,1,-0.050718,-0.18352
omega_logCl,0.076424,0.123,-0.14331,-0.062837,-0.050718,1,0.0057609
b,-0.0070945,0.15099,8.8853e-5,-0.64831,-0.18352,0.0057609,1
