logka_pop,0.0056053,0.00065185,-0.00051358,0.0014431,2.7486e-5,0.0001603,-5.7223e-6
logV_pop,0.00065185,0.0012848,-0.00020801,-0.00089219,-5.8815e-7,0.00012352,5.8304e-5
logCl_pop,-0.00051358,-0.00020801,0.0013938,0.00012579,-7.6254e-5,-0.00014989,3.5737e-8
omega_logka,0.0014431,-0.00089219,0.00012579,0.028232,0.00083335,-0.00029579,-0.0011735
omega_logV,2.7486e-5,-5.8815e-7,-7.6254e-5,0.00083335,0.00072424,-3.8239e-5,-5.3208e-5
omega_logCl,0.0001603,0.00012352,-0.00014989,-0.00029579,-3.8239e-5,0.00078489,1.7388e-6
b,-5.7223e-6,5.8304e-5,3.5737e-8,-0.0011735,-5.3208e-5,1.7388e-6,0.00011606
