logka_pop,1,0.11022,-0.14613,0.44084,0.040066,0.032227,-0.070408
logV_pop,0.11022,1,-0.1582,-0.13186,0.10981,0.13499,0.06064
logCl_pop,-0.14613,-0.1582,1,0.072512,-0.1419,-0.17554,0.041773
omega_logka,0.44084,-0.13186,0.072512,1,-0.038794,-0.072803,-0.15015
omega_logV,0.040066,0.10981,-0.1419,-0.038794,1,-0.0082274,-0.1462
omega_logCl,0.032227,0.13499,-0.17554,-0.072803,-0.0082274,1,-0.039628
b,-0.070408,0.06064,0.041773,-0.15015,-0.1462,-0.039628,1
