logka_pop,0.0082148,0.00034489,-0.00047453,0.0037272,0.00010289,8.2941e-5,-5.3792e-5
logV_pop,0.00034489,0.001192,-0.00019569,-0.00042467,0.00010741,0.00013234,1.7648e-5
logCl_pop,-0.00047453,-0.00019569,0.0012836,0.00024235,-0.00014404,-0.00017859,1.2616e-5
omega_logka,0.0037272,-0.00042467,0.00024235,0.0087017,-0.00010253,-0.00019284,-0.00011807
omega_logV,0.00010289,0.00010741,-0.00014404,-0.00010253,0.00080271,-6.619e-6,-3.4916e-5
omega_logCl,8.2941e-5,0.00013234,-0.00017859,-0.00019284,-6.619e-6,0.00080632,-9.4852e-6
b,-5.3792e-5,1.7648e-5,1.2616e-5,-0.00011807,-3.4916e-5,-9.4852e-6,7.1053e-5
