logka_pop,1,0.21433,-0.16909,-0.0019083,-0.044476,0.021614,0.079312
logV_pop,0.21433,1,-0.1157,-0.054388,-0.026233,0.096555,0.054114
logCl_pop,-0.16909,-0.1157,1,0.034632,-0.082952,-0.15548,0.031793
omega_logka,-0.0019083,-0.054388,0.034632,1,-0.034196,-0.030141,-0.12459
omega_logV,-0.044476,-0.026233,-0.082952,-0.034196,1,-0.023449,-0.10698
omega_logCl,0.021614,0.096555,-0.15548,-0.030141,-0.023449,1,-0.047665
b,0.079312,0.054114,0.031793,-0.12459,-0.10698,-0.047665,1
