logka_pop,0.0035937,0.00046317,-0.00034311,-5.9324e-6,-8.2224e-5,3.1294e-5,3.714e-5
logV_pop,0.00046317,0.0012995,-0.00014118,-0.00010168,-2.9164e-5,8.4067e-5,1.5238e-5
logCl_pop,-0.00034311,-0.00014118,0.0011457,6.0789e-5,-8.6589e-5,-0.0001271,8.4063e-6
omega_logka,-5.9324e-6,-0.00010168,6.0789e-5,0.0026893,-5.4689e-5,-3.7752e-5,-5.0471e-5
omega_logV,-8.2224e-5,-2.9164e-5,-8.6589e-5,-5.4689e-5,0.00095105,-1.7465e-5,-2.5771e-5
omega_logCl,3.1294e-5,8.4067e-5,-0.0001271,-3.7752e-5,-1.7465e-5,0.00058333,-8.9928e-6
b,3.714e-5,1.5238e-5,8.4063e-6,-5.0471e-5,-2.5771e-5,-8.9928e-6,6.1019e-5
