logka_pop,1,0.15869,-0.14753,-0.13827,0.0010506,-0.017983,0.078249
logV_pop,0.15869,1,-0.079394,-0.050102,-0.040602,0.088869,0.052772
logCl_pop,-0.14753,-0.079394,1,0.014726,-0.11505,-0.12975,0.070661
omega_logka,-0.13827,-0.050102,0.014726,1,0.026365,0.058984,-0.23782
omega_logV,0.0010506,-0.040602,-0.11505,0.026365,1,0.016187,-0.12883
omega_logCl,-0.017983,0.088869,-0.12975,0.058984,0.016187,1,-0.11913
b,0.078249,0.052772,0.070661,-0.23782,-0.12883,-0.11913,1
