logka_pop,0.0045973,0.00042518,-0.00038339,-0.000619,2.246e-6,-3.526e-5,4.8317e-5
logV_pop,0.00042518,0.0015615,-0.00012024,-0.00013072,-5.059e-5,0.00010156,1.8991e-5
logCl_pop,-0.00038339,-0.00012024,0.0014689,3.7266e-5,-0.00013904,-0.00014381,2.4663e-5
omega_logka,-0.000619,-0.00013072,3.7266e-5,0.0043595,5.4889e-5,0.00011262,-0.000143
omega_logV,2.246e-6,-5.059e-5,-0.00013904,5.4889e-5,0.00099423,1.476e-5,-3.6995e-5
omega_logCl,-3.526e-5,0.00010156,-0.00014381,0.00011262,1.476e-5,0.00083627,-3.1374e-5
b,4.8317e-5,1.8991e-5,2.4663e-5,-0.000143,-3.6995e-5,-3.1374e-5,8.2937e-5
