logka_pop,0.0079053,0.00038582,-0.00053815,0.0013575,0.00020951,3.7342e-5,-2.7398e-6
logV_pop,0.00038582,0.0011516,-0.00010645,-0.00025199,-4.5243e-5,0.00012413,2.527e-5
logCl_pop,-0.00053815,-0.00010645,0.0010754,5.3337e-6,-0.00014219,-9.6466e-5,2.0463e-5
omega_logka,0.0013575,-0.00025199,5.3337e-6,0.0053616,3.1783e-5,-0.00015107,-8.0116e-5
omega_logV,0.00020951,-4.5243e-5,-0.00014219,3.1783e-5,0.0007985,-7.2559e-5,-3.3832e-5
omega_logCl,3.7342e-5,0.00012413,-9.6466e-5,-0.00015107,-7.2559e-5,0.0006853,-1.2895e-5
b,-2.7398e-6,2.527e-5,2.0463e-5,-8.0116e-5,-3.3832e-5,-1.2895e-5,7.4487e-5
