logka_pop,0.0062102,0.00048824,-0.00039732,0.00025811,3.8e-5,6.8037e-5,3.6936e-5
logV_pop,0.00048824,0.0011139,-8.5524e-5,-0.00043599,-1.0131e-5,9.2675e-5,1.8208e-5
logCl_pop,-0.00039732,-8.5524e-5,0.00099766,0.00011761,-8.8564e-5,-7.4591e-5,1.1748e-5
omega_logka,0.00025811,-0.00043599,0.00011761,0.0080412,0.00019491,-3.5137e-5,-0.00015013
omega_logV,3.8e-5,-1.0131e-5,-8.8564e-5,0.00019491,0.00083113,-5.7363e-6,-4.3274e-5
omega_logCl,6.8037e-5,9.2675e-5,-7.4591e-5,-3.5137e-5,-5.7363e-6,0.00053183,-1.1133e-5
b,3.6936e-5,1.8208e-5,1.1748e-5,-0.00015013,-4.3274e-5,-1.1133e-5,6.561e-5
