logka_pop,1,0.26098,-0.22139,-0.086425,-0.014874,0.15843,-0.012937
logV_pop,0.26098,1,-0.19098,-0.11805,0.083549,0.19053,-0.018014
logCl_pop,-0.22139,-0.19098,1,0.098952,-0.17432,-0.15091,0.095469
omega_logka,-0.086425,-0.11805,0.098952,1,0.0052688,-0.057328,-0.029104
omega_logV,-0.014874,0.083549,-0.17432,0.0052688,1,-0.080194,-0.18715
omega_logCl,0.15843,0.19053,-0.15091,-0.057328,-0.080194,1,-0.06606
b,-0.012937,-0.018014,0.095469,-0.029104,-0.18715,-0.06606,1
