logka_pop,0.0046836,0.00063437,-0.00053954,-0.0004024,-3.2673e-5,0.00031454,-7.6429e-6
logV_pop,0.00063437,0.0012615,-0.00024155,-0.00028524,9.5246e-5,0.00019631,-5.5233e-6
logCl_pop,-0.00053954,-0.00024155,0.0012681,0.00023974,-0.00019925,-0.00015589,2.9348e-5
omega_logka,-0.0004024,-0.00028524,0.00023974,0.0046286,1.1506e-5,-0.00011314,-1.7093e-5
omega_logV,-3.2673e-5,9.5246e-5,-0.00019925,1.1506e-5,0.0010302,-7.4671e-5,-5.1857e-5
omega_logCl,0.00031454,0.00019631,-0.00015589,-0.00011314,-7.4671e-5,0.00084156,-1.6543e-5
b,-7.6429e-6,-5.5233e-6,2.9348e-5,-1.7093e-5,-5.1857e-5,-1.6543e-5,7.4521e-5
