logka_pop,1,0.32842,-0.22604,-0.080626,0.062577,0.11135,0.077152
logV_pop,0.32842,1,-0.21543,-0.28543,0.088593,0.15042,0.13949
logCl_pop,-0.22604,-0.21543,1,0.1692,-0.12528,-0.18019,-0.01093
omega_logka,-0.080626,-0.28543,0.1692,1,-0.0092952,-0.082193,-0.32216
omega_logV,0.062577,0.088593,-0.12528,-0.0092952,1,-0.010308,-0.13278
omega_logCl,0.11135,0.15042,-0.18019,-0.082193,-0.010308,1,-0.049513
b,0.077152,0.13949,-0.01093,-0.32216,-0.13278,-0.049513,1
