logka_pop,0.0081458,0.00097382,-0.00072869,-0.00086207,0.00014765,0.00028321,6.2868e-5
logV_pop,0.00097382,0.0010794,-0.0002528,-0.0011109,7.6089e-5,0.00013926,4.1374e-5
logCl_pop,-0.00072869,-0.0002528,0.0012757,0.00071594,-0.00011698,-0.00018136,-3.5248e-6
omega_logka,-0.00086207,-0.0011109,0.00071594,0.014035,-2.8787e-5,-0.00027439,-0.00034458
omega_logV,0.00014765,7.6089e-5,-0.00011698,-2.8787e-5,0.00068342,-7.5939e-6,-3.1339e-5
omega_logCl,0.00028321,0.00013926,-0.00018136,-0.00027439,-7.5939e-6,0.00079409,-1.2597e-5
b,6.2868e-5,4.1374e-5,-3.5248e-6,-0.00034458,-3.1339e-5,-1.2597e-5,8.1513e-5
