logka_pop,1,0.32237,-0.32986,-0.030879,0.027464,0.05415,0.075803
logV_pop,0.32237,1,-0.27582,-0.13068,-0.010017,0.14445,0.093329
logCl_pop,-0.32986,-0.27582,1,0.1041,-0.12094,-0.215,0.046592
omega_logka,-0.030879,-0.13068,0.1041,1,-0.041257,-0.0355,-0.11365
omega_logV,0.027464,-0.010017,-0.12094,-0.041257,1,0.0079571,-0.14354
omega_logCl,0.05415,0.14445,-0.215,-0.0355,0.0079571,1,-0.090371
b,0.075803,0.093329,0.046592,-0.11365,-0.14354,-0.090371,1
