logka_pop,0.010091,0.0010204,-0.0011543,-0.00023046,6.8506e-5,0.000136,6.3242e-5
logV_pop,0.0010204,0.00099297,-0.00030277,-0.00030595,-7.8382e-6,0.00011381,2.4426e-5
logCl_pop,-0.0011543,-0.00030277,0.0012135,0.00026942,-0.00010461,-0.00018727,1.348e-5
omega_logka,-0.00023046,-0.00030595,0.00026942,0.00552,-7.6115e-5,-6.5946e-5,-7.0129e-5
omega_logV,6.8506e-5,-7.8382e-6,-0.00010461,-7.6115e-5,0.0006166,4.9402e-6,-2.9604e-5
omega_logCl,0.000136,0.00011381,-0.00018727,-6.5946e-5,4.9402e-6,0.00062515,-1.8767e-5
b,6.3242e-5,2.4426e-5,1.348e-5,-7.0129e-5,-2.9604e-5,-1.8767e-5,6.898e-5
