logka_pop,1,0.28482,-0.19739,0.19073,0.04527,0.12474,-0.072715
logV_pop,0.28482,1,-0.1622,-0.10051,0.031388,0.1785,0.045847
logCl_pop,-0.19739,-0.1622,1,0.076662,-0.13636,-0.17971,0.062626
omega_logka,0.19073,-0.10051,0.076662,1,-0.05362,-0.065078,-0.14947
omega_logV,0.04527,0.031388,-0.13636,-0.05362,1,0.017305,-0.145
omega_logCl,0.12474,0.1785,-0.17971,-0.065078,0.017305,1,-0.081418
b,-0.072715,0.045847,0.062626,-0.14947,-0.145,-0.081418,1
