logka_pop,0.0052832,0.0007416,-0.00049095,0.00080939,9.0147e-5,0.00023977,-4.5924e-5
logV_pop,0.0007416,0.0012832,-0.00019883,-0.00021021,3.0804e-5,0.0001691,1.427e-5
logCl_pop,-0.00049095,-0.00019883,0.001171,0.00015316,-0.00012783,-0.00016263,1.8621e-5
omega_logka,0.00080939,-0.00021021,0.00015316,0.0034087,-8.5766e-5,-0.00010048,-7.5828e-5
omega_logV,9.0147e-5,3.0804e-5,-0.00012783,-8.5766e-5,0.00075057,1.2538e-5,-3.4517e-5
omega_logCl,0.00023977,0.0001691,-0.00016263,-0.00010048,1.2538e-5,0.00069936,-1.8709e-5
b,-4.5924e-5,1.427e-5,1.8621e-5,-7.5828e-5,-3.4517e-5,-1.8709e-5,7.5499e-5
