logka_pop,0.0071111,0.00030194,-0.00033203,0.0037225,-0.00021404,0.00022813,1.3609e-5
logV_pop,0.00030194,0.0010552,-0.00011897,-0.00039618,-8.0518e-5,0.00013617,3.407e-5
logCl_pop,-0.00033203,-0.00011897,0.0011124,7.1326e-6,-9.3816e-5,-0.00012016,1.6819e-5
omega_logka,0.0037225,-0.00039618,7.1326e-6,0.013582,4.2935e-5,9.3995e-5,-0.0002102
omega_logV,-0.00021404,-8.0518e-5,-9.3816e-5,4.2935e-5,0.00081425,-6.0823e-5,-6.0549e-5
omega_logCl,0.00022813,0.00013617,-0.00012016,9.3995e-5,-6.0823e-5,0.00072543,-1.2992e-5
b,1.3609e-5,3.407e-5,1.6819e-5,-0.0002102,-6.0549e-5,-1.2992e-5,7.6701e-5
