logka_pop,0.0077394,0.00082549,-0.00068034,5.2781e-5,5.0724e-5,0.00013734,0.00010692
logV_pop,0.00082549,0.0012394,-0.00021237,-0.00045718,2.063e-5,0.00010859,4.2727e-5
logCl_pop,-0.00068034,-0.00021237,0.00095277,0.00034969,-0.00015237,-0.00010645,-4.1894e-6
omega_logka,5.2781e-5,-0.00045718,0.00034969,0.0066928,-0.00030585,-0.00022298,-6.5805e-5
omega_logV,5.0724e-5,2.063e-5,-0.00015237,-0.00030585,0.00087598,-1.9732e-5,-3.0333e-5
omega_logCl,0.00013734,0.00010859,-0.00010645,-0.00022298,-1.9732e-5,0.00060423,-1.139e-5
b,0.00010692,4.2727e-5,-4.1894e-6,-6.5805e-5,-3.0333e-5,-1.139e-5,7.8173e-5
