logka_pop,0.0064401,0.00062348,-0.00047589,-0.00028889,-0.00025123,0.00010367,8.0271e-5
logV_pop,0.00062348,0.0012225,-0.00017582,-0.0006895,-1.1741e-5,0.00010048,2.9238e-5
logCl_pop,-0.00047589,-0.00017582,0.00099894,0.00028778,-8.1825e-5,-0.00013406,1.2489e-5
omega_logka,-0.00028889,-0.0006895,0.00028778,0.0086024,9.5015e-5,-9.3736e-5,-0.00011978
omega_logV,-0.00025123,-1.1741e-5,-8.1825e-5,9.5015e-5,0.00076434,-9.2263e-6,-4.6417e-5
omega_logCl,0.00010367,0.00010048,-0.00013406,-9.3736e-5,-9.2263e-6,0.0006124,-1.4414e-5
b,8.0271e-5,2.9238e-5,1.2489e-5,-0.00011978,-4.6417e-5,-1.4414e-5,7.104e-5
