logka_pop,1,0.20536,-0.21026,0.2527,-0.060817,0.077074,0.12086
logV_pop,0.20536,1,-0.14866,-0.03421,0.0096538,0.11307,0.06734
logCl_pop,-0.21026,-0.14866,1,-0.034127,-0.13425,-0.14657,0.071072
omega_logka,0.2527,-0.03421,-0.034127,1,0.053681,-0.038775,0.00092588
omega_logV,-0.060817,0.0096538,-0.13425,0.053681,1,-0.075228,-0.1787
omega_logCl,0.077074,0.11307,-0.14657,-0.038775,-0.075228,1,-0.09186
b,0.12086,0.06734,0.071072,0.00092588,-0.1787,-0.09186,1
