logka_pop,0.0097466,0.00068101,-0.00064541,0.0020268,-0.00016956,0.0001862,0.00010586
logV_pop,0.00068101,0.0011283,-0.00015526,-9.3357e-5,9.1578e-6,9.2939e-5,2.0068e-5
logCl_pop,-0.00064541,-0.00015526,0.0009667,-8.6203e-5,-0.00011788,-0.00011151,1.9605e-5
omega_logka,0.0020268,-9.3357e-5,-8.6203e-5,0.0066003,0.00012316,-7.7085e-5,6.6735e-7
omega_logV,-0.00016956,9.1578e-6,-0.00011788,0.00012316,0.00079755,-5.1986e-5,-4.4774e-5
omega_logCl,0.0001862,9.2939e-5,-0.00011151,-7.7085e-5,-5.1986e-5,0.00059878,-1.9943e-5
b,0.00010586,2.0068e-5,1.9605e-5,6.6735e-7,-4.4774e-5,-1.9943e-5,7.8712e-5
