logka_pop,1,0.031435,0.015567,0.023211,0.0066015,-0.0023108,-0.0080838
logV_pop,0.031435,1,0.013065,-0.00080341,0.00075073,-0.00020494,0.019333
logCl_pop,0.015567,0.013065,1,-0.00059146,-0.0015074,-0.00083571,0.021861
omega_logka,0.023211,-0.00080341,-0.00059146,1,-0.0014754,-0.00014331,-0.018531
omega_logV,0.0066015,0.00075073,-0.0015074,-0.0014754,1,0.001099,-0.0051032
omega_logCl,-0.0023108,-0.00020494,-0.00083571,-0.00014331,0.001099,1,-0.0034258
b,-0.0080838,0.019333,0.021861,-0.018531,-0.0051032,-0.0034258,1
