logka_pop,0.0052934,0.00055863,-0.00034166,0.00016125,-7.0669e-5,0.00010392,6.8375e-5
logV_pop,0.00055863,0.0013365,-0.00012732,-0.00034112,-6.0323e-5,0.00014318,2.4959e-5
logCl_pop,-0.00034166,-0.00012732,0.0010119,0.00011411,-8.1962e-5,-0.00013563,1.437e-5
omega_logka,0.00016125,-0.00034112,0.00011411,0.0051493,8.2449e-5,-6.9272e-5,-0.00012492
omega_logV,-7.0669e-5,-6.0323e-5,-8.1962e-5,8.2449e-5,0.00087992,-5.8019e-5,-3.534e-5
omega_logCl,0.00010392,0.00014318,-0.00013563,-6.9272e-5,-5.8019e-5,0.00068626,-1.4374e-5
b,6.8375e-5,2.4959e-5,1.437e-5,-0.00012492,-3.534e-5,-1.4374e-5,8.064e-5
