logka_pop,1,0.26721,-0.14935,0.29301,0.059795,0.07478,-0.0048848
logV_pop,0.26721,1,-0.19027,-0.16576,0.11129,0.18759,0.096324
logCl_pop,-0.14935,-0.19027,1,0.18156,-0.16212,-0.16476,0.020449
omega_logka,0.29301,-0.16576,0.18156,1,-0.031041,-0.1634,-0.26178
omega_logV,0.059795,0.11129,-0.16212,-0.031041,1,-0.0328,-0.19886
omega_logCl,0.07478,0.18759,-0.16476,-0.1634,-0.0328,1,0.011067
b,-0.0048848,0.096324,0.020449,-0.26178,-0.19886,0.011067,1
