logka_pop,0.004888,0.00059176,-0.00032283,0.0029688,0.00010044,0.00013096,-3.0594e-6
logV_pop,0.00059176,0.0010033,-0.00018634,-0.0007609,8.4698e-5,0.00014884,2.7333e-5
logCl_pop,-0.00032283,-0.00018634,0.00095589,0.0008135,-0.00012043,-0.0001276,5.6638e-6
omega_logka,0.0029688,-0.0007609,0.0008135,0.021002,-0.00010808,-0.00059318,-0.00033986
omega_logV,0.00010044,8.4698e-5,-0.00012043,-0.00010808,0.00057728,-1.9741e-5,-4.2802e-5
omega_logCl,0.00013096,0.00014884,-0.0001276,-0.00059318,-1.9741e-5,0.00062746,2.4834e-6
b,-3.0594e-6,2.7333e-5,5.6638e-6,-0.00033986,-4.2802e-5,2.4834e-6,8.0254e-5
