logka_pop,1,0.1193,-0.14492,-0.12052,-0.0077315,-0.012352,0.023555
logV_pop,0.1193,1,-0.1569,-0.085111,0.02135,0.069826,0.062483
logCl_pop,-0.14492,-0.1569,1,0.041784,-0.14273,-0.097484,0.029897
omega_logka,-0.12052,-0.085111,0.041784,1,0.031794,0.023689,-0.091141
omega_logV,-0.0077315,0.02135,-0.14273,0.031794,1,-0.07351,-0.11768
omega_logCl,-0.012352,0.069826,-0.097484,0.023689,-0.07351,1,-0.069021
b,0.023555,0.062483,0.029897,-0.091141,-0.11768,-0.069021,1
