logka_pop,0.0029852,0.00020734,-0.00026652,-0.0004119,-1.1732e-5,-1.7764e-5,1.0233e-5
logV_pop,0.00020734,0.0010118,-0.000168,-0.00016935,1.8862e-5,5.8463e-5,1.5803e-5
logCl_pop,-0.00026652,-0.000168,0.001133,8.7979e-5,-0.00013343,-8.6369e-5,8.0013e-6
omega_logka,-0.0004119,-0.00016935,8.7979e-5,0.003913,5.5239e-5,3.9004e-5,-4.5331e-5
omega_logV,-1.1732e-5,1.8862e-5,-0.00013343,5.5239e-5,0.00077141,-5.3741e-5,-2.5988e-5
omega_logCl,-1.7764e-5,5.8463e-5,-8.6369e-5,3.9004e-5,-5.3741e-5,0.00069282,-1.4445e-5
b,1.0233e-5,1.5803e-5,8.0013e-6,-4.5331e-5,-2.5988e-5,-1.4445e-5,6.322e-5
