logCl_pop,1,-0.0034232,0.038615,0.019789,-0.0025215,-0.0007775,-0.018972,-0.0092771,0.022374
logV1_pop,-0.0034232,1,-0.11733,-0.11587,0.0032856,-0.0024562,-0.037057,0.032402,0.028887
logQ_pop,0.038615,-0.11733,1,0.22897,-0.0080278,-0.015821,0.094227,-0.084134,-0.0059421
logV2_pop,0.019789,-0.11587,0.22897,1,0.02158,-0.04098,0.11465,-0.117,0.024765
omega_logCl,-0.0025215,0.0032856,-0.0080278,0.02158,1,-0.00082067,-0.001857,0.001173,0.00098519
omega_logV1,-0.0007775,-0.0024562,-0.015821,-0.04098,-0.00082067,1,-0.026877,0.01257,-0.0061693
omega_logQ,-0.018972,-0.037057,0.094227,0.11465,-0.001857,-0.026877,1,-0.020792,-0.029276
omega_logV2,-0.0092771,0.032402,-0.084134,-0.117,0.001173,0.01257,-0.020792,1,-0.055446
b,0.022374,0.028887,-0.0059421,0.024765,0.00098519,-0.0061693,-0.029276,-0.055446,1
