logCl_pop,0.00098861,-3.1991e-6,9.1436e-5,1.7816e-5,-1.7741e-6,-5.2343e-7,-3.8928e-5,-7.5435e-6,1.5919e-6
logV1_pop,-3.1991e-6,0.00088343,-0.00026264,-9.8613e-5,2.1853e-6,-1.5631e-6,-7.1879e-5,2.4906e-5,1.9428e-6
logQ_pop,9.1436e-5,-0.00026264,0.0056716,0.00049372,-1.3529e-5,-2.5512e-5,0.0004631,-0.00016386,-1.0126e-6
logV2_pop,1.7816e-5,-9.8613e-5,0.00049372,0.00081982,1.3826e-5,-2.5123e-5,0.00021422,-8.6638e-5,1.6045e-6
omega_logCl,-1.7741e-6,2.1853e-6,-1.3529e-5,1.3826e-5,0.00050074,-3.9321e-7,-2.7118e-6,6.788e-7,4.9885e-8
omega_logV1,-5.2343e-7,-1.5631e-6,-2.5512e-5,-2.5123e-5,-3.9321e-7,0.00045846,-3.7555e-5,6.9605e-6,-2.989e-7
omega_logQ,-3.8928e-5,-7.1879e-5,0.0004631,0.00021422,-2.7118e-6,-3.7555e-5,0.0042588,-3.509e-5,-4.3231e-6
omega_logV2,-7.5435e-6,2.4906e-5,-0.00016386,-8.6638e-5,6.788e-7,6.9605e-6,-3.509e-5,0.0006688,-3.2446e-6
b,1.5919e-6,1.9428e-6,-1.0126e-6,1.6045e-6,4.9885e-8,-2.989e-7,-4.3231e-6,-3.2446e-6,5.1203e-6
