logka_pop,1,0.25965,-0.16302,0.18474,-0.040566,0.070271,0.0087632
logV_pop,0.25965,1,-0.10436,-0.083234,0.0079612,0.15978,0.048695
logCl_pop,-0.16302,-0.10436,1,0.055256,-0.17814,-0.14385,0.085733
omega_logka,0.18474,-0.083234,0.055256,1,-0.075574,-0.086019,-0.11847
omega_logV,-0.040566,0.0079612,-0.17814,-0.075574,1,0.0097163,-0.16665
omega_logCl,0.070271,0.15978,-0.14385,-0.086019,0.0097163,1,-0.067132
b,0.0087632,0.048695,0.085733,-0.11847,-0.16665,-0.067132,1
