logka_pop,0.0072678,0.00078296,-0.00046619,0.0016479,-0.00010836,0.00015355,6.6262e-6
logV_pop,0.00078296,0.0012511,-0.00012382,-0.00030804,8.823e-6,0.00014485,1.5277e-5
logCl_pop,-0.00046619,-0.00012382,0.0011253,0.00019394,-0.00018723,-0.00012368,2.5508e-5
omega_logka,0.0016479,-0.00030804,0.00019394,0.010948,-0.00024776,-0.00023068,-0.00010995
omega_logV,-0.00010836,8.823e-6,-0.00018723,-0.00024776,0.00098171,7.8029e-6,-4.6313e-5
omega_logCl,0.00015355,0.00014485,-0.00012368,-0.00023068,7.8029e-6,0.00065693,-1.5261e-5
b,6.6262e-6,1.5277e-5,2.5508e-5,-0.00010995,-4.6313e-5,-1.5261e-5,7.8668e-5
