logka_pop,1,0.26382,-0.1655,-0.022389,-0.023054,0.087934,0.030587
logV_pop,0.26382,1,-0.14548,-0.014367,0.0023375,0.12668,0.049627
logCl_pop,-0.1655,-0.14548,1,-0.064822,-0.13586,-0.1989,0.11025
omega_logka,-0.022389,-0.014367,-0.064822,1,0.085797,0.029697,-0.25869
omega_logV,-0.023054,0.0023375,-0.13586,0.085797,1,0.03839,-0.20078
omega_logCl,0.087934,0.12668,-0.1989,0.029697,0.03839,1,-0.090573
b,0.030587,0.049627,0.11025,-0.25869,-0.20078,-0.090573,1
