logka_pop,1,0.15468,-0.11151,0.16468,-0.01698,-0.015486,-0.012724
logV_pop,0.15468,1,-0.1303,0.025505,0.016034,0.12974,0.037813
logCl_pop,-0.11151,-0.1303,1,0.02927,-0.14756,-0.15638,0.086041
omega_logka,0.16468,0.025505,0.02927,1,-0.1082,-0.095187,-0.055153
omega_logV,-0.01698,0.016034,-0.14756,-0.1082,1,-0.028735,-0.11931
omega_logCl,-0.015486,0.12974,-0.15638,-0.095187,-0.028735,1,-0.082322
b,-0.012724,0.037813,0.086041,-0.055153,-0.11931,-0.082322,1
