logka_pop,0.0028355,0.00028794,-0.00018692,0.00047263,-2.5603e-5,-2.1739e-5,-6.0115e-6
logV_pop,0.00028794,0.0012222,-0.00014339,4.8058e-5,1.5873e-5,0.00011957,1.1729e-5
logCl_pop,-0.00018692,-0.00014339,0.00099086,4.9658e-5,-0.00013153,-0.00012977,2.403e-5
omega_logka,0.00047263,4.8058e-5,4.9658e-5,0.0029048,-0.00016514,-0.00013525,-2.6374e-5
omega_logV,-2.5603e-5,1.5873e-5,-0.00013153,-0.00016514,0.00080187,-2.1452e-5,-2.9976e-5
omega_logCl,-2.1739e-5,0.00011957,-0.00012977,-0.00013525,-2.1452e-5,0.000695,-1.9255e-5
b,-6.0115e-6,1.1729e-5,2.403e-5,-2.6374e-5,-2.9976e-5,-1.9255e-5,7.8719e-5
