logka_pop,1,0.1914,-0.18429,0.099579,0.079778,0.021633,0.017833
logV_pop,0.1914,1,-0.14077,-0.13443,0.058375,0.070508,0.057238
logCl_pop,-0.18429,-0.14077,1,0.092023,-0.17183,-0.11299,0.048974
omega_logka,0.099579,-0.13443,0.092023,1,-0.096061,-0.05487,-0.12018
omega_logV,0.079778,0.058375,-0.17183,-0.096061,1,0.034493,-0.15071
omega_logCl,0.021633,0.070508,-0.11299,-0.05487,0.034493,1,-0.13962
b,0.017833,0.057238,0.048974,-0.12018,-0.15071,-0.13962,1
