logka_pop,0.0065453,0.00059144,-0.00047727,0.00069044,0.0002195,4.3161e-5,1.3073e-5
logV_pop,0.00059144,0.0014589,-0.00017211,-0.00044003,7.5826e-5,6.6413e-5,1.981e-5
logCl_pop,-0.00047727,-0.00017211,0.0010247,0.00025245,-0.00018706,-8.9196e-5,1.4205e-5
omega_logka,0.00069044,-0.00044003,0.00025245,0.0073448,-0.00027998,-0.00011596,-9.3333e-5
omega_logV,0.0002195,7.5826e-5,-0.00018706,-0.00027998,0.0011566,2.8928e-5,-4.6443e-5
omega_logCl,4.3161e-5,6.6413e-5,-8.9196e-5,-0.00011596,2.8928e-5,0.00060815,-3.1199e-5
b,1.3073e-5,1.981e-5,1.4205e-5,-9.3333e-5,-4.6443e-5,-3.1199e-5,8.2109e-5
