logka_pop,1,0.24222,-0.28552,0.078352,0.0082876,0.14885,0.05058
logV_pop,0.24222,1,-0.1548,-0.12189,-0.020202,0.16531,0.068024
logCl_pop,-0.28552,-0.1548,1,0.025004,-0.14348,-0.13458,0.0506
omega_logka,0.078352,-0.12189,0.025004,1,0.015945,-0.14012,-0.11719
omega_logV,0.0082876,-0.020202,-0.14348,0.015945,1,-0.044044,-0.15512
omega_logCl,0.14885,0.16531,-0.13458,-0.14012,-0.044044,1,-0.08391
b,0.05058,0.068024,0.0506,-0.11719,-0.15512,-0.08391,1
