logka_pop,0.0059794,0.00071939,-0.0006801,0.00047312,1.8881e-5,0.00030834,3.2271e-5
logV_pop,0.00071939,0.0014752,-0.00018314,-0.00036557,-2.286e-5,0.00017008,2.1557e-5
logCl_pop,-0.0006801,-0.00018314,0.00094886,6.0145e-5,-0.00013022,-0.00011105,1.286e-5
omega_logka,0.00047312,-0.00036557,6.0145e-5,0.0060978,3.6685e-5,-0.00029311,-7.5507e-5
omega_logV,1.8881e-5,-2.286e-5,-0.00013022,3.6685e-5,0.00086802,-3.476e-5,-3.7707e-5
omega_logCl,0.00030834,0.00017008,-0.00011105,-0.00029311,-3.476e-5,0.00071758,-1.8546e-5
b,3.2271e-5,2.1557e-5,1.286e-5,-7.5507e-5,-3.7707e-5,-1.8546e-5,6.8077e-5
