logka_pop,1,0.15848,-0.24106,0.22898,-0.012897,0.03518,0.06866
logV_pop,0.15848,1,-0.16951,-0.15944,0.081082,0.1362,0.02176
logCl_pop,-0.24106,-0.16951,1,0.099948,-0.13827,-0.13844,0.018847
omega_logka,0.22898,-0.15944,0.099948,1,-0.09365,-0.12195,-0.055985
omega_logV,-0.012897,0.081082,-0.13827,-0.09365,1,-0.030116,-0.081489
omega_logCl,0.03518,0.1362,-0.13844,-0.12195,-0.030116,1,-0.10356
b,0.06866,0.02176,0.018847,-0.055985,-0.081489,-0.10356,1
