logka_pop,0.013356,0.00072994,-0.00092161,0.0027842,-4.888e-5,0.00010805,6.8039e-5
logV_pop,0.00072994,0.0015884,-0.00022349,-0.00066853,0.00010598,0.00014426,7.4361e-6
logCl_pop,-0.00092161,-0.00022349,0.0010944,0.00034788,-0.00015002,-0.00012171,5.3462e-6
omega_logka,0.0027842,-0.00066853,0.00034788,0.011069,-0.00032313,-0.00034098,-5.0507e-5
omega_logV,-4.888e-5,0.00010598,-0.00015002,-0.00032313,0.0010755,-2.6248e-5,-2.2915e-5
omega_logCl,0.00010805,0.00014426,-0.00012171,-0.00034098,-2.6248e-5,0.00070627,-2.3598e-5
b,6.8039e-5,7.4361e-6,5.3462e-6,-5.0507e-5,-2.2915e-5,-2.3598e-5,7.3525e-5
