logka_pop,1,0.18923,-0.15429,0.21322,0.0093134,0.052872,0.015578
logV_pop,0.18923,1,-0.097131,-0.028658,0.036502,0.094296,0.059136
logCl_pop,-0.15429,-0.097131,1,0.020816,-0.10234,-0.13924,0.040334
omega_logka,0.21322,-0.028658,0.020816,1,-0.050704,-0.024371,-0.064963
omega_logV,0.0093134,0.036502,-0.10234,-0.050704,1,-0.00022765,-0.096071
omega_logCl,0.052872,0.094296,-0.13924,-0.024371,-0.00022765,1,-0.075442
b,0.015578,0.059136,0.040334,-0.064963,-0.096071,-0.075442,1
