logka_pop,0.0045424,0.00044395,-0.00034123,0.00083986,1.8138e-5,8.7777e-5,9.0026e-6
logV_pop,0.00044395,0.0012118,-0.00011095,-5.8302e-5,3.6716e-5,8.0857e-5,1.7651e-5
logCl_pop,-0.00034123,-0.00011095,0.0010768,3.9919e-5,-9.7037e-5,-0.00011255,1.1348e-5
omega_logka,0.00083986,-5.8302e-5,3.9919e-5,0.0034155,-8.5624e-5,-3.5084e-5,-3.2553e-5
omega_logV,1.8138e-5,3.6716e-5,-9.7037e-5,-8.5624e-5,0.00083495,-1.6203e-7,-2.3802e-5
omega_logCl,8.7777e-5,8.0857e-5,-0.00011255,-3.5084e-5,-1.6203e-7,0.00060677,-1.5934e-5
b,9.0026e-6,1.7651e-5,1.1348e-5,-3.2553e-5,-2.3802e-5,-1.5934e-5,7.3519e-5
