logka_pop,1,0.0091048,-0.24871,0.77458,0.11632,0.023345,-0.25433
logV_pop,0.0091048,1,-0.12493,-0.14315,0.027632,0.11265,0.11389
logCl_pop,-0.24871,-0.12493,1,-0.14853,-0.13313,-0.16948,0.09342
omega_logka,0.77458,-0.14315,-0.14853,1,0.12052,-0.0078799,-0.38748
omega_logV,0.11632,0.027632,-0.13313,0.12052,1,-0.0090463,-0.14274
omega_logCl,0.023345,0.11265,-0.16948,-0.0078799,-0.0090463,1,-0.11006
b,-0.25433,0.11389,0.09342,-0.38748,-0.14274,-0.11006,1
