logka_pop,0.020557,5.0202e-5,-0.0011824,0.024223,0.00050518,9.407e-5,-0.00033764
logV_pop,5.0202e-5,0.0014789,-0.0001593,-0.0012008,3.2187e-5,0.00012175,4.0555e-5
logCl_pop,-0.0011824,-0.0001593,0.0010995,-0.0010742,-0.00013372,-0.00015794,2.8682e-5
omega_logka,0.024223,-0.0012008,-0.0010742,0.047575,0.00079623,-4.8305e-5,-0.00078254
omega_logV,0.00050518,3.2187e-5,-0.00013372,0.00079623,0.0009175,-7.7011e-6,-4.0032e-5
omega_logCl,9.407e-5,0.00012175,-0.00015794,-4.8305e-5,-7.7011e-6,0.00078989,-2.8641e-5
b,-0.00033764,4.0555e-5,2.8682e-5,-0.00078254,-4.0032e-5,-2.8641e-5,8.5733e-5
