logka_pop,1,0.22851,-0.1995,0.12289,-0.043407,0.034539,0.098101
logV_pop,0.22851,1,-0.15671,-0.070823,0.055807,0.10822,0.054368
logCl_pop,-0.1995,-0.15671,1,-0.0099903,-0.10815,-0.181,0.072091
omega_logka,0.12289,-0.070823,-0.0099903,1,-0.06299,0.035486,-0.053163
omega_logV,-0.043407,0.055807,-0.10815,-0.06299,1,-0.020295,-0.099226
omega_logCl,0.034539,0.10822,-0.181,0.035486,-0.020295,1,-0.12255
b,0.098101,0.054368,0.072091,-0.053163,-0.099226,-0.12255,1
