logka_pop,1,0.21818,-0.14384,0.071908,0.0094913,-0.00045516,0.046952
logV_pop,0.21818,1,-0.17015,-0.027854,0.094026,0.09333,0.048616
logCl_pop,-0.14384,-0.17015,1,0.081814,-0.15791,-0.12986,0.051649
omega_logka,0.071908,-0.027854,0.081814,1,-0.17706,-0.027711,-0.063657
omega_logV,0.0094913,0.094026,-0.15791,-0.17706,1,-0.053598,-0.13534
omega_logCl,-0.00045516,0.09333,-0.12986,-0.027711,-0.053598,1,-0.069446
b,0.046952,0.048616,0.051649,-0.063657,-0.13534,-0.069446,1
