logka_pop,0.004651,0.00047998,-0.00034358,0.00052797,2.0022e-5,-8.7087e-7,2.6041e-5
logV_pop,0.00047998,0.0010406,-0.00019225,-9.6735e-5,9.3821e-5,8.4465e-5,1.2754e-5
logCl_pop,-0.00034358,-0.00019225,0.0012267,0.0003085,-0.00017108,-0.0001276,1.4712e-5
omega_logka,0.00052797,-9.6735e-5,0.0003085,0.011591,-0.00058964,-8.3699e-5,-5.5737e-5
omega_logV,2.0022e-5,9.3821e-5,-0.00017108,-0.00058964,0.00095682,-4.6513e-5,-3.4047e-5
omega_logCl,-8.7087e-7,8.4465e-5,-0.0001276,-8.3699e-5,-4.6513e-5,0.0007871,-1.5845e-5
b,2.6041e-5,1.2754e-5,1.4712e-5,-5.5737e-5,-3.4047e-5,-1.5845e-5,6.6142e-5
