logka_pop,1,0.13383,-0.23221,0.38951,0.065214,-0.0093234,0.017877
logV_pop,0.13383,1,-0.19264,-0.18429,0.012593,0.21121,0.11726
logCl_pop,-0.23221,-0.19264,1,0.04265,-0.16071,-0.17199,0.03646
omega_logka,0.38951,-0.18429,0.04265,1,0.013117,-0.18354,-0.18781
omega_logV,0.065214,0.012593,-0.16071,0.013117,1,0.0046909,-0.18945
omega_logCl,-0.0093234,0.21121,-0.17199,-0.18354,0.0046909,1,-0.035724
b,0.017877,0.11726,0.03646,-0.18781,-0.18945,-0.035724,1
