logka_pop,0.015161,0.00056929,-0.0009077,0.0056426,0.00021565,-3.0661e-5,1.9597e-5
logV_pop,0.00056929,0.0011935,-0.00021127,-0.00074905,1.1684e-5,0.00019488,3.6064e-5
logCl_pop,-0.0009077,-0.00021127,0.0010078,0.0001593,-0.00013702,-0.00014583,1.0305e-5
omega_logka,0.0056426,-0.00074905,0.0001593,0.013842,4.1447e-5,-0.00057673,-0.00019672
omega_logV,0.00021565,1.1684e-5,-0.00013702,4.1447e-5,0.00072126,3.3648e-6,-4.5296e-5
omega_logCl,-3.0661e-5,0.00019488,-0.00014583,-0.00057673,3.3648e-6,0.00071334,-8.4944e-6
b,1.9597e-5,3.6064e-5,1.0305e-5,-0.00019672,-4.5296e-5,-8.4944e-6,7.9259e-5
