logka_pop,1,0.16821,-0.18375,0.27057,0.064124,0.02747,-0.0076106
logV_pop,0.16821,1,-0.13379,-0.039902,0.015099,0.11012,0.062017
logCl_pop,-0.18375,-0.13379,1,0.0026114,-0.097117,-0.16907,0.035313
omega_logka,0.27057,-0.039902,0.0026114,1,0.1088,-0.054859,-0.11218
omega_logV,0.064124,0.015099,-0.097117,0.1088,1,-0.017065,-0.14927
omega_logCl,0.02747,0.11012,-0.16907,-0.054859,-0.017065,1,-0.10541
b,-0.0076106,0.062017,0.035313,-0.11218,-0.14927,-0.10541,1
