logka_pop,0.0082208,0.00051159,-0.00056706,0.0019195,0.00016189,6.9211e-5,-5.7514e-6
logV_pop,0.00051159,0.0011252,-0.00015275,-0.00010473,1.4103e-5,0.00010265,1.734e-5
logCl_pop,-0.00056706,-0.00015275,0.0011585,6.9546e-6,-9.2041e-5,-0.00015992,1.0018e-5
omega_logka,0.0019195,-0.00010473,6.9546e-6,0.0061219,0.00023703,-0.00011928,-7.316e-5
omega_logV,0.00016189,1.4103e-5,-9.2041e-5,0.00023703,0.0007753,-1.3204e-5,-3.4643e-5
omega_logCl,6.9211e-5,0.00010265,-0.00015992,-0.00011928,-1.3204e-5,0.00077221,-2.4415e-5
b,-5.7514e-6,1.734e-5,1.0018e-5,-7.316e-5,-3.4643e-5,-2.4415e-5,6.9471e-5
