logka_pop,1,0.15254,-0.2295,0.60452,-0.083383,0.021575,-0.10613
logV_pop,0.15254,1,-0.13822,-0.046334,0.05025,0.1402,0.0567
logCl_pop,-0.2295,-0.13822,1,-0.074569,-0.12724,-0.12107,0.087009
omega_logka,0.60452,-0.046334,-0.074569,1,-0.1482,-0.01328,-0.23722
omega_logV,-0.083383,0.05025,-0.12724,-0.1482,1,-0.027162,-0.12073
omega_logCl,0.021575,0.1402,-0.12107,-0.01328,-0.027162,1,-0.080841
b,-0.10613,0.0567,0.087009,-0.23722,-0.12073,-0.080841,1
