logka_pop,1,0.143,-0.16607,0.32612,0.037208,0.046865,0.013815
logV_pop,0.143,1,-0.12992,-0.11724,0.049621,0.15894,0.049543
logCl_pop,-0.16607,-0.12992,1,0.050843,-0.11936,-0.1629,0.025531
omega_logka,0.32612,-0.11724,0.050843,1,-0.064352,-0.063601,-0.1497
omega_logV,0.037208,0.049621,-0.11936,-0.064352,1,-0.00086662,-0.08545
omega_logCl,0.046865,0.15894,-0.1629,-0.063601,-0.00086662,1,-0.046055
b,0.013815,0.049543,0.025531,-0.1497,-0.08545,-0.046055,1
