logka_pop,0.0087257,0.00048921,-0.00057551,0.0037089,0.00010458,0.00012886,1.0788e-5
logV_pop,0.00048921,0.0013413,-0.00017651,-0.00052276,5.468e-5,0.00017134,1.5167e-5
logCl_pop,-0.00057551,-0.00017651,0.0013763,0.00022965,-0.00013324,-0.00017789,7.9177e-6
omega_logka,0.0037089,-0.00052276,0.00022965,0.014823,-0.00023574,-0.00022793,-0.00015236
omega_logV,0.00010458,5.468e-5,-0.00013324,-0.00023574,0.00090536,-7.6756e-7,-2.1493e-5
omega_logCl,0.00012886,0.00017134,-0.00017789,-0.00022793,-7.6756e-7,0.00086645,-1.1332e-5
b,1.0788e-5,1.5167e-5,7.9177e-6,-0.00015236,-2.1493e-5,-1.1332e-5,6.9879e-5
