logka_pop,1,0.1928,-0.15796,-0.11729,-0.017667,0.052534,0.084212
logV_pop,0.1928,1,-0.10536,-0.090249,-0.0046952,0.12097,0.060886
logCl_pop,-0.15796,-0.10536,1,0.073266,-0.13818,-0.18848,0.091025
omega_logka,-0.11729,-0.090249,0.073266,1,-0.015772,-0.092341,-0.11499
omega_logV,-0.017667,-0.0046952,-0.13818,-0.015772,1,-0.027945,-0.10113
omega_logCl,0.052534,0.12097,-0.18848,-0.092341,-0.027945,1,-0.13842
b,0.084212,0.060886,0.091025,-0.11499,-0.10113,-0.13842,1
