logka_pop,0.0056869,0.00057398,-0.00033544,-0.00070179,-4.0279e-5,9.393e-5,5.5951e-5
logV_pop,0.00057398,0.0015584,-0.00011713,-0.00028269,-5.6035e-6,0.00011323,2.1177e-5
logCl_pop,-0.00033544,-0.00011713,0.00079301,0.00016371,-0.00011764,-0.00012584,2.2584e-5
omega_logka,-0.00070179,-0.00028269,0.00016371,0.0062958,-3.7835e-5,-0.00017372,-8.0388e-5
omega_logV,-4.0279e-5,-5.6035e-6,-0.00011764,-3.7835e-5,0.00091398,-2.0031e-5,-2.6936e-5
omega_logCl,9.393e-5,0.00011323,-0.00012584,-0.00017372,-2.0031e-5,0.00056216,-2.8914e-5
b,5.5951e-5,2.1177e-5,2.2584e-5,-8.0388e-5,-2.6936e-5,-2.8914e-5,7.7623e-5
