logka_pop,1,0.38522,0.075286,0.94027,0.59904,0.23665,-0.73355
logV_pop,0.38522,1,-0.037621,0.33061,0.19425,0.2083,-0.23818
logCl_pop,0.075286,-0.037621,1,0.13611,-0.01011,-0.058523,-0.066268
omega_logka,0.94027,0.33061,0.13611,1,0.63885,0.2347,-0.77744
omega_logV,0.59904,0.19425,-0.01011,0.63885,1,0.11979,-0.56266
omega_logCl,0.23665,0.2083,-0.058523,0.2347,0.11979,1,-0.20378
b,-0.73355,-0.23818,-0.066268,-0.77744,-0.56266,-0.20378,1
