logka_pop,0.047525,0.0031053,0.00052096,0.17009,0.0047935,0.0012962,-0.0021559
logV_pop,0.0031053,0.0013673,-4.4156e-5,0.010144,0.00026365,0.00019353,-0.00011873
logCl_pop,0.00052096,-4.4156e-5,0.0010075,0.0035851,-1.1779e-5,-4.6674e-5,-2.8357e-5
omega_logka,0.17009,0.010144,0.0035851,0.68856,0.019458,0.0048932,-0.008697
omega_logV,0.0047935,0.00026365,-1.1779e-5,0.019458,0.0013473,0.00011047,-0.00027843
omega_logCl,0.0012962,0.00019353,-4.6674e-5,0.0048932,0.00011047,0.0006313,-6.9027e-5
b,-0.0021559,-0.00011873,-2.8357e-5,-0.008697,-0.00027843,-6.9027e-5,0.00018174
