logka_pop,1,0.34153,-0.22593,-0.3004,0.17864,0.047046,0.11978
logV_pop,0.34153,1,-0.25056,-0.56626,0.27169,0.17587,0.19865
logCl_pop,-0.22593,-0.25056,1,0.20724,-0.18016,-0.18826,0.014241
omega_logka,-0.3004,-0.56626,0.20724,1,-0.53127,-0.023695,-0.22946
omega_logV,0.17864,0.27169,-0.18016,-0.53127,1,-0.021663,0.0050268
omega_logCl,0.047046,0.17587,-0.18826,-0.023695,-0.021663,1,-0.042052
b,0.11978,0.19865,0.014241,-0.22946,0.0050268,-0.042052,1
