logka_pop,0.006979,0.0010223,-0.00067548,-0.010525,0.00043973,0.00010595,8.4676e-5
logV_pop,0.0010223,0.0012839,-0.0003213,-0.0085093,0.00028684,0.00016988,6.0231e-5
logCl_pop,-0.00067548,-0.0003213,0.0012808,0.0031105,-0.00018999,-0.00018163,4.3128e-6
omega_logka,-0.010525,-0.0085093,0.0031105,0.17589,-0.0065653,-0.00026789,-0.00081433
omega_logV,0.00043973,0.00028684,-0.00018999,-0.0065653,0.00086823,-1.7207e-5,1.2534e-6
omega_logCl,0.00010595,0.00016988,-0.00018163,-0.00026789,-1.7207e-5,0.00072672,-9.5929e-6
b,8.4676e-5,6.0231e-5,4.3128e-6,-0.00081433,1.2534e-6,-9.5929e-6,7.1606e-5
