logka_pop,1,0.21404,-0.22835,0.35149,0.095143,0.0079269,0.034857
logV_pop,0.21404,1,-0.19908,-0.17849,0.05009,0.149,0.14023
logCl_pop,-0.22835,-0.19908,1,0.061967,-0.16294,-0.1301,-0.0014818
omega_logka,0.35149,-0.17849,0.061967,1,0.041127,-0.079979,-0.21274
omega_logV,0.095143,0.05009,-0.16294,0.041127,1,-0.025584,-0.1334
omega_logCl,0.0079269,0.149,-0.1301,-0.079979,-0.025584,1,-0.035929
b,0.034857,0.14023,-0.0014818,-0.21274,-0.1334,-0.035929,1
