logka_pop,0.012279,0.00085148,-0.00087275,0.0048361,0.00028196,2.3147e-5,3.4141e-5
logV_pop,0.00085148,0.0012888,-0.0002465,-0.00079561,4.8091e-5,0.00014096,4.4497e-5
logCl_pop,-0.00087275,-0.0002465,0.0011896,0.00026537,-0.0001503,-0.00011825,-4.5174e-7
omega_logka,0.0048361,-0.00079561,0.00026537,0.015417,0.00013657,-0.00026168,-0.00023348
omega_logV,0.00028196,4.8091e-5,-0.0001503,0.00013657,0.00071524,-1.803e-5,-3.1534e-5
omega_logCl,2.3147e-5,0.00014096,-0.00011825,-0.00026168,-1.803e-5,0.0006944,-8.3686e-6
b,3.4141e-5,4.4497e-5,-4.5174e-7,-0.00023348,-3.1534e-5,-8.3686e-6,7.8128e-5
