logka_pop,1,0.21902,-0.13776,-0.53709,-0.10569,0.084573,0.064286
logV_pop,0.21902,1,-0.12871,-0.18213,-0.060541,0.12308,0.063857
logCl_pop,-0.13776,-0.12871,1,0.049962,-0.13536,-0.14002,0.075057
omega_logka,-0.53709,-0.18213,0.049962,1,0.13263,-0.058807,-0.14477
omega_logV,-0.10569,-0.060541,-0.13536,0.13263,1,-0.045652,-0.13725
omega_logCl,0.084573,0.12308,-0.14002,-0.058807,-0.045652,1,-0.10027
b,0.064286,0.063857,0.075057,-0.14477,-0.13725,-0.10027,1
