logka_pop,0.0067467,0.00064032,-0.00036755,-0.0029395,-0.00026248,0.00017826,4.3779e-5
logV_pop,0.00064032,0.0012668,-0.00014881,-0.00043194,-6.515e-5,0.00011241,1.8843e-5
logCl_pop,-0.00036755,-0.00014881,0.0010552,0.00010814,-0.00013295,-0.00011671,2.0214e-5
omega_logka,-0.0029395,-0.00043194,0.00010814,0.0044396,0.00026719,-0.00010055,-7.9971e-5
omega_logV,-0.00026248,-6.515e-5,-0.00013295,0.00026719,0.00091415,-3.5418e-5,-3.4404e-5
omega_logCl,0.00017826,0.00011241,-0.00011671,-0.00010055,-3.5418e-5,0.00065846,-2.1333e-5
b,4.3779e-5,1.8843e-5,2.0214e-5,-7.9971e-5,-3.4404e-5,-2.1333e-5,6.8738e-5
