logka_pop,1,0.36148,-0.2768,-0.43263,0.096367,0.12751,0.09341
logV_pop,0.36148,1,-0.22442,-0.28006,0.041695,0.16101,0.098124
logCl_pop,-0.2768,-0.22442,1,0.20151,-0.14869,-0.19171,0.02374
omega_logka,-0.43263,-0.28006,0.20151,1,-0.12189,-0.10527,-0.12309
omega_logV,0.096367,0.041695,-0.14869,-0.12189,1,-0.020658,-0.069336
omega_logCl,0.12751,0.16101,-0.19171,-0.10527,-0.020658,1,-0.073468
b,0.09341,0.098124,0.02374,-0.12309,-0.069336,-0.073468,1
