logka_pop,0.0065089,0.0010553,-0.00075629,-0.0029528,0.00021132,0.00027001,6.3979e-5
logV_pop,0.0010553,0.0013094,-0.00027502,-0.00085733,4.1009e-5,0.00015292,3.0144e-5
logCl_pop,-0.00075629,-0.00027502,0.001147,0.00057734,-0.00013688,-0.00017042,6.8258e-6
omega_logka,-0.0029528,-0.00085733,0.00057734,0.0071569,-0.00028029,-0.00023375,-8.8403e-5
omega_logV,0.00021132,4.1009e-5,-0.00013688,-0.00028029,0.00073882,-1.4738e-5,-1.6e-5
omega_logCl,0.00027001,0.00015292,-0.00017042,-0.00023375,-1.4738e-5,0.00068894,-1.6371e-5
b,6.3979e-5,3.0144e-5,6.8258e-6,-8.8403e-5,-1.6e-5,-1.6371e-5,7.2076e-5
