logka_pop,1,0.29765,-0.2026,-0.2068,-0.075518,0.077754,0.16627
logV_pop,0.29765,1,-0.1954,-0.12465,0.024385,0.16232,0.086738
logCl_pop,-0.2026,-0.1954,1,0.083357,-0.12232,-0.21318,0.04978
omega_logka,-0.2068,-0.12465,0.083357,1,0.044899,-0.026613,-0.1293
omega_logV,-0.075518,0.024385,-0.12232,0.044899,1,-0.037465,-0.17636
omega_logCl,0.077754,0.16232,-0.21318,-0.026613,-0.037465,1,-0.081011
b,0.16627,0.086738,0.04978,-0.1293,-0.17636,-0.081011,1
