logka_pop,1,0.24255,-0.21114,-0.52701,0.079763,-0.052253,0.14379
logV_pop,0.24255,1,-0.16245,-0.22029,-0.04888,0.12962,0.1329
logCl_pop,-0.21114,-0.16245,1,0.19932,-0.15558,-0.16673,0.033988
omega_logka,-0.52701,-0.22029,0.19932,1,-0.23928,0.034011,-0.18253
omega_logV,0.079763,-0.04888,-0.15558,-0.23928,1,-0.097514,-0.093283
omega_logCl,-0.052253,0.12962,-0.16673,0.034011,-0.097514,1,-0.088795
b,0.14379,0.1329,0.033988,-0.18253,-0.093283,-0.088795,1
