logka_pop,0.0089977,0.00081588,-0.00071213,-0.0070554,0.00024591,-0.00013387,0.0001255
logV_pop,0.00081588,0.0012576,-0.00020484,-0.0011026,-5.634e-5,0.00012415,4.3367e-5
logCl_pop,-0.00071213,-0.00020484,0.0012643,0.0010003,-0.0001798,-0.00016012,1.112e-5
omega_logka,-0.0070554,-0.0011026,0.0010003,0.01992,-0.0010977,0.00012965,-0.00023704
omega_logV,0.00024591,-5.634e-5,-0.0001798,-0.0010977,0.0010564,-8.5604e-5,-2.7898e-5
omega_logCl,-0.00013387,0.00012415,-0.00016012,0.00012965,-8.5604e-5,0.00072949,-2.2068e-5
b,0.0001255,4.3367e-5,1.112e-5,-0.00023704,-2.7898e-5,-2.2068e-5,8.4667e-5
