logka_pop,1,0.17708,-0.27335,0.46247,0.056064,0.072722,-0.037629
logV_pop,0.17708,1,-0.19708,-0.09515,0.10624,0.22486,-0.028682
logCl_pop,-0.27335,-0.19708,1,-0.019992,-0.13525,-0.29646,0.11646
omega_logka,0.46247,-0.09515,-0.019992,1,-0.059087,-0.089992,-0.071485
omega_logV,0.056064,0.10624,-0.13525,-0.059087,1,0.01447,-0.067379
omega_logCl,0.072722,0.22486,-0.29646,-0.089992,0.01447,1,-0.15859
b,-0.037629,-0.028682,0.11646,-0.071485,-0.067379,-0.15859,1
