logka_pop,0.017033,0.000878,-0.0011989,0.0078154,0.00022068,0.00026225,-3.8754e-5
logV_pop,0.000878,0.0014432,-0.0002516,-0.00046804,0.00012173,0.00023604,-8.5984e-6
logCl_pop,-0.0011989,-0.0002516,0.0011293,-8.6992e-5,-0.00013708,-0.00027528,3.0884e-5
omega_logka,0.0078154,-0.00046804,-8.6992e-5,0.016766,-0.00023075,-0.00032197,-7.3041e-5
omega_logV,0.00022068,0.00012173,-0.00013708,-0.00023075,0.00090962,1.2058e-5,-1.6036e-5
omega_logCl,0.00026225,0.00023604,-0.00027528,-0.00032197,1.2058e-5,0.00076349,-3.4579e-5
b,-3.8754e-5,-8.5984e-6,3.0884e-5,-7.3041e-5,-1.6036e-5,-3.4579e-5,6.2269e-5
