logka_pop,1,0.20988,-0.20558,0.099225,0.063376,0.0008516,0.08157
logV_pop,0.20988,1,-0.14635,-0.059712,0.078396,0.13315,0.037531
logCl_pop,-0.20558,-0.14635,1,0.041674,-0.15293,-0.13976,0.047008
omega_logka,0.099225,-0.059712,0.041674,1,0.035547,-0.0541,-0.12233
omega_logV,0.063376,0.078396,-0.15293,0.035547,1,-0.011904,-0.14114
omega_logCl,0.0008516,0.13315,-0.13976,-0.0541,-0.011904,1,-0.058183
b,0.08157,0.037531,0.047008,-0.12233,-0.14114,-0.058183,1
