logka_pop,1,0.18107,-0.16657,0.0035866,0.049428,0.011906,0.11145
logV_pop,0.18107,1,-0.13322,-0.063963,0.0019557,0.14558,0.074167
logCl_pop,-0.16657,-0.13322,1,0.012496,-0.13879,-0.18241,0.049862
omega_logka,0.0035866,-0.063963,0.012496,1,0.014736,0.026791,-0.082389
omega_logV,0.049428,0.0019557,-0.13879,0.014736,1,-0.008388,-0.18376
omega_logCl,0.011906,0.14558,-0.18241,0.026791,-0.008388,1,-0.10125
b,0.11145,0.074167,0.049862,-0.082389,-0.18376,-0.10125,1
