logka_pop,0.0080263,0.00057242,-0.00056292,2.0585e-5,0.00014052,3.1978e-5,8.8138e-5
logV_pop,0.00057242,0.0012452,-0.00017733,-0.0001446,2.1898e-6,0.000154,2.3101e-5
logCl_pop,-0.00056292,-0.00017733,0.0014229,3.0197e-5,-0.00016613,-0.00020627,1.6602e-5
omega_logka,2.0585e-5,-0.0001446,3.0197e-5,0.0041042,2.9956e-5,5.1454e-5,-4.6591e-5
omega_logV,0.00014052,2.1898e-6,-0.00016613,2.9956e-5,0.0010069,-7.9796e-6,-5.1471e-5
omega_logCl,3.1978e-5,0.000154,-0.00020627,5.1454e-5,-7.9796e-6,0.00089875,-2.6792e-5
b,8.8138e-5,2.3101e-5,1.6602e-5,-4.6591e-5,-5.1471e-5,-2.6792e-5,7.7916e-5
