logka_pop,0.0076749,0.00081512,-0.00065008,0.00023259,0.0002417,0.00015461,-8.4739e-6
logV_pop,0.00081512,0.0011411,-0.00013606,-0.00015894,-1.483e-5,8.6575e-5,1.4059e-5
logCl_pop,-0.00065008,-0.00013606,0.0008794,0.00019807,-0.00018396,-6.9632e-5,2.591e-5
omega_logka,0.00023259,-0.00015894,0.00019807,0.0058075,-2.5134e-5,-7.2233e-5,-1.5214e-5
omega_logV,0.0002417,-1.483e-5,-0.00018396,-2.5134e-5,0.00094393,-1.6577e-5,-6.0485e-5
omega_logCl,0.00015461,8.6575e-5,-6.9632e-5,-7.2233e-5,-1.6577e-5,0.00051656,-1.4831e-5
b,-8.4739e-6,1.4059e-5,2.591e-5,-1.5214e-5,-6.0485e-5,-1.4831e-5,7.3703e-5
