logka_pop,1,0.30855,-0.20733,-0.3611,0.02438,0.26201,0.16521
logV_pop,0.30855,1,-0.13845,-0.25573,0.079162,0.23666,0.12361
logCl_pop,-0.20733,-0.13845,1,0.19638,-0.15117,-0.22812,-0.0074299
omega_logka,-0.3611,-0.25573,0.19638,1,-0.33778,-0.39886,-0.38487
omega_logV,0.02438,0.079162,-0.15117,-0.33778,1,0.11207,0.018698
omega_logCl,0.26201,0.23666,-0.22812,-0.39886,0.11207,1,0.071004
b,0.16521,0.12361,-0.0074299,-0.38487,0.018698,0.071004,1
