logka_pop,1,0.10676,-0.19684,0.41402,0.078985,0.08599,-0.042729
logV_pop,0.10676,1,-0.13965,-0.12317,-0.014988,0.12565,0.091599
logCl_pop,-0.19684,-0.13965,1,0.031743,-0.12001,-0.22587,0.037738
omega_logka,0.41402,-0.12317,0.031743,1,0.033292,-0.044945,-0.17123
omega_logV,0.078985,-0.014988,-0.12001,0.033292,1,0.00063539,-0.12637
omega_logCl,0.08599,0.12565,-0.22587,-0.044945,0.00063539,1,-0.070017
b,-0.042729,0.091599,0.037738,-0.17123,-0.12637,-0.070017,1
