logka_pop,0.012032,0.00045746,-0.00078452,0.0054054,0.00027059,0.0002775,-4.0765e-5
logV_pop,0.00045746,0.0015258,-0.0001982,-0.00057264,-1.8284e-5,0.0001444,3.1119e-5
logCl_pop,-0.00078452,-0.0001982,0.0013201,0.00013728,-0.00013618,-0.00024144,1.1925e-5
omega_logka,0.0054054,-0.00057264,0.00013728,0.014166,0.00012376,-0.00015738,-0.00017726
omega_logV,0.00027059,-1.8284e-5,-0.00013618,0.00012376,0.00097543,5.8382e-7,-3.4326e-5
omega_logCl,0.0002775,0.0001444,-0.00024144,-0.00015738,5.8382e-7,0.00086555,-1.7916e-5
b,-4.0765e-5,3.1119e-5,1.1925e-5,-0.00017726,-3.4326e-5,-1.7916e-5,7.5645e-5
