logV1_pop,0.00086727,-0.00082168,-0.00017677,-5.6902e-5,-3.6276e-5,2.5849e-5,-0.00038042,9.1143e-5,1.9234e-5,2.4473e-5,3.1545e-6
logQ_pop,-0.00082168,0.017248,-0.00049049,0.00062639,0.00086569,4.2252e-5,0.0013878,-9.7012e-5,-0.00015158,0.000232,-4.7811e-6
logV2_pop,-0.00017677,-0.00049049,0.0033439,-0.00047514,0.00015796,1.0958e-5,0.0013523,-0.00043173,0.00012669,0.00042518,-2.1112e-6
logVm_pop,-5.6902e-5,0.00062639,-0.00047514,0.0012504,0.001145,3.5331e-6,-2.2082e-5,0.00018719,-0.0002237,4.2722e-5,-4.4237e-7
logKm_pop,-3.6276e-5,0.00086569,0.00015796,0.001145,0.0062705,2.8348e-5,-0.00090079,0.00010194,-0.00016855,0.00062454,-5.1729e-6
omega_logV1,2.5849e-5,4.2252e-5,1.0958e-5,3.5331e-6,2.8348e-5,0.00044992,1.4052e-5,-0.00011182,-6.8646e-7,1.6738e-5,-7.0103e-7
omega_logQ,-0.00038042,0.0013878,0.0013523,-2.2082e-5,-0.00090079,1.4052e-5,0.020523,-4.5547e-5,-0.00016683,-0.00049629,-1.6295e-5
omega_logV2,9.1143e-5,-9.7012e-5,-0.00043173,0.00018719,0.00010194,-0.00011182,-4.5547e-5,0.0029316,-0.00012953,-0.00012261,-7.3961e-8
omega_logVm,1.9234e-5,-0.00015158,0.00012669,-0.0002237,-0.00016855,-6.8646e-7,-0.00016683,-0.00012953,0.00048039,-7.0163e-5,-2.3483e-7
omega_logKm,2.4473e-5,0.000232,0.00042518,4.2722e-5,0.00062454,1.6738e-5,-0.00049629,-0.00012261,-7.0163e-5,0.0039198,-4.451e-6
b,3.1545e-6,-4.7811e-6,-2.1112e-6,-4.4237e-7,-5.1729e-6,-7.0103e-7,-1.6295e-5,-7.3961e-8,-2.3483e-7,-4.451e-6,5.3928e-6
