logka_pop,1,0.31111,-0.25199,0.16291,0.057766,0.096228,0.094424
logV_pop,0.31111,1,-0.22423,-0.070037,0.027363,0.15938,0.095441
logCl_pop,-0.25199,-0.22423,1,0.061552,-0.16966,-0.18565,0.029384
omega_logka,0.16291,-0.070037,0.061552,1,-0.0038804,-0.095203,-0.088445
omega_logV,0.057766,0.027363,-0.16966,-0.0038804,1,-0.014856,-0.12166
omega_logCl,0.096228,0.15938,-0.18565,-0.095203,-0.014856,1,-0.041761
b,0.094424,0.095441,0.029384,-0.088445,-0.12166,-0.041761,1
