logka_pop,0.0083501,0.0010209,-0.00090498,0.0011367,0.00014748,0.00027008,7.3804e-5
logV_pop,0.0010209,0.0012896,-0.00031647,-0.00019205,2.7454e-5,0.00017579,2.9316e-5
logCl_pop,-0.00090498,-0.00031647,0.0015446,0.00018472,-0.0001863,-0.0002241,9.8782e-6
omega_logka,0.0011367,-0.00019205,0.00018472,0.0058307,-8.2786e-6,-0.00022328,-5.7768e-5
omega_logV,0.00014748,2.7454e-5,-0.0001863,-8.2786e-6,0.00078061,-1.2749e-5,-2.9075e-5
omega_logCl,0.00027008,0.00017579,-0.0002241,-0.00022328,-1.2749e-5,0.00094336,-1.0972e-5
b,7.3804e-5,2.9316e-5,9.8782e-6,-5.7768e-5,-2.9075e-5,-1.0972e-5,7.3166e-5
