logka_pop,1,0.16362,-0.146,0.52424,0.011765,0.01249,0.022671
logV_pop,0.16362,1,-0.10513,-0.01951,0.064025,0.11453,0.054166
logCl_pop,-0.146,-0.10513,1,-0.009879,-0.12674,-0.12015,0.06411
omega_logka,0.52424,-0.01951,-0.009879,1,-0.013197,-0.01537,-0.067613
omega_logV,0.011765,0.064025,-0.12674,-0.013197,1,-0.014415,-0.24523
omega_logCl,0.01249,0.11453,-0.12015,-0.01537,-0.014415,1,-0.053532
b,0.022671,0.054166,0.06411,-0.067613,-0.24523,-0.053532,1
