logka_pop,1,0.28767,-0.19362,-0.030356,0.058377,0.067894,0.036199
logV_pop,0.28767,1,-0.16305,-0.073264,0.05305,0.1483,0.070628
logCl_pop,-0.19362,-0.16305,1,0.0094137,-0.1443,-0.17755,0.063973
omega_logka,-0.030356,-0.073264,0.0094137,1,-0.13091,0.01957,-0.02103
omega_logV,0.058377,0.05305,-0.1443,-0.13091,1,-0.018923,-0.17074
omega_logCl,0.067894,0.1483,-0.17755,0.01957,-0.018923,1,-0.065635
b,0.036199,0.070628,0.063973,-0.02103,-0.17074,-0.065635,1
