logka_pop,0.0047569,0.00062347,-0.00045863,-0.00013559,0.00011161,0.00013211,2.1664e-5
logV_pop,0.00062347,0.00098744,-0.00017596,-0.00014909,4.6211e-5,0.00013147,1.9257e-5
logCl_pop,-0.00045863,-0.00017596,0.0011795,2.0937e-5,-0.00013738,-0.00017202,1.9064e-5
omega_logka,-0.00013559,-0.00014909,2.0937e-5,0.0041939,-0.00023501,3.5755e-5,-1.1818e-5
omega_logV,0.00011161,4.6211e-5,-0.00013738,-0.00023501,0.00076842,-1.4799e-5,-4.1067e-5
omega_logCl,0.00013211,0.00013147,-0.00017202,3.5755e-5,-1.4799e-5,0.00079591,-1.6067e-5
b,2.1664e-5,1.9257e-5,1.9064e-5,-1.1818e-5,-4.1067e-5,-1.6067e-5,7.529e-5
