logka_pop,1,0.12987,-0.14329,0.33189,-0.061366,0.020551,0.031149
logV_pop,0.12987,1,-0.17313,-0.069415,0.0013055,0.11325,0.063142
logCl_pop,-0.14329,-0.17313,1,0.038789,-0.14117,-0.21704,0.080073
omega_logka,0.33189,-0.069415,0.038789,1,-0.093537,-0.015025,-0.087976
omega_logV,-0.061366,0.0013055,-0.14117,-0.093537,1,0.00083911,-0.13442
omega_logCl,0.020551,0.11325,-0.21704,-0.015025,0.00083911,1,-0.13251
b,0.031149,0.063142,0.080073,-0.087976,-0.13442,-0.13251,1
