logka_pop,0.0077733,0.00039711,-0.00040062,0.0023295,-0.0001567,4.7036e-5,2.376e-5
logV_pop,0.00039711,0.0012027,-0.0001904,-0.00019164,1.3113e-6,0.00010195,1.8945e-5
logCl_pop,-0.00040062,-0.0001904,0.0010056,9.7924e-5,-0.00012966,-0.00017867,2.1969e-5
omega_logka,0.0023295,-0.00019164,9.7924e-5,0.0063376,-0.00021566,-3.1051e-5,-6.0593e-5
omega_logV,-0.0001567,1.3113e-6,-0.00012966,-0.00021566,0.00083878,6.3086e-7,-3.368e-5
omega_logCl,4.7036e-5,0.00010195,-0.00017867,-3.1051e-5,6.3086e-7,0.00067389,-2.976e-5
b,2.376e-5,1.8945e-5,2.1969e-5,-6.0593e-5,-3.368e-5,-2.976e-5,7.4851e-5
