logka_pop,1,0.29633,-0.22788,-0.12873,0.025837,0.055319,0.13102
logV_pop,0.29633,1,-0.23724,-0.26481,0.094371,0.1568,0.098386
logCl_pop,-0.22788,-0.23724,1,0.15648,-0.13188,-0.19577,0.0010766
omega_logka,-0.12873,-0.26481,0.15648,1,-0.08722,-0.13383,-0.10288
omega_logV,0.025837,0.094371,-0.13188,-0.08722,1,0.0019504,-0.079678
omega_logCl,0.055319,0.1568,-0.19577,-0.13383,0.0019504,1,-0.087373
b,0.13102,0.098386,0.0010766,-0.10288,-0.079678,-0.087373,1
