logka_pop,0.011225,0.0011895,-0.00091487,-0.0013563,8.4762e-5,0.0001726,0.0001289
logV_pop,0.0011895,0.0014354,-0.00034059,-0.00099771,0.00011071,0.00017495,3.4613e-5
logCl_pop,-0.00091487,-0.00034059,0.0014359,0.00058969,-0.00015474,-0.00021847,3.7883e-7
omega_logka,-0.0013563,-0.00099771,0.00058969,0.0098895,-0.00026858,-0.00039193,-9.5003e-5
omega_logV,8.4762e-5,0.00011071,-0.00015474,-0.00026858,0.00095883,1.7785e-6,-2.2911e-5
omega_logCl,0.0001726,0.00017495,-0.00021847,-0.00039193,1.7785e-6,0.00086724,-2.3893e-5
b,0.0001289,3.4613e-5,3.7883e-7,-9.5003e-5,-2.2911e-5,-2.3893e-5,8.6228e-5
