logka_pop,1,0.092781,-0.20601,0.3908,0.10972,-0.019111,0.030252
logV_pop,0.092781,1,-0.12559,-0.13079,-0.043849,0.10978,0.076356
logCl_pop,-0.20601,-0.12559,1,0.0086121,-0.12231,-0.13066,0.045232
omega_logka,0.3908,-0.13079,0.0086121,1,0.13354,-0.10412,-0.080642
omega_logV,0.10972,-0.043849,-0.12231,0.13354,1,-0.10495,-0.10706
omega_logCl,-0.019111,0.10978,-0.13066,-0.10412,-0.10495,1,-0.066651
b,0.030252,0.076356,0.045232,-0.080642,-0.10706,-0.066651,1
