logka_pop,0.012618,0.00040632,-0.00081566,0.0065405,0.00038108,-6.2241e-5,2.8145e-5
logV_pop,0.00040632,0.0015199,-0.00017258,-0.00075972,-5.2856e-5,0.00012409,2.4654e-5
logCl_pop,-0.00081566,-0.00017258,0.0012423,4.5225e-5,-0.00013329,-0.00013352,1.3204e-5
omega_logka,0.0065405,-0.00075972,4.5225e-5,0.022198,0.00061515,-0.00044979,-9.9508e-5
omega_logV,0.00038108,-5.2856e-5,-0.00013329,0.00061515,0.00095595,-9.4083e-5,-2.7416e-5
omega_logCl,-6.2241e-5,0.00012409,-0.00013352,-0.00044979,-9.4083e-5,0.00084065,-1.6005e-5
b,2.8145e-5,2.4654e-5,1.3204e-5,-9.9508e-5,-2.7416e-5,-1.6005e-5,6.8592e-5
