logka_pop,1,0.24832,-0.20111,0.14516,0.13685,-0.020072,0.049748
logV_pop,0.24832,1,-0.11376,-0.070973,-0.013774,0.12044,0.097439
logCl_pop,-0.20111,-0.11376,1,0.023899,-0.13822,-0.11717,0.072949
omega_logka,0.14516,-0.070973,0.023899,1,0.089384,-0.11237,-0.047668
omega_logV,0.13685,-0.013774,-0.13822,0.089384,1,-0.058104,-0.15478
omega_logCl,-0.020072,0.12044,-0.11717,-0.11237,-0.058104,1,-0.073168
b,0.049748,0.097439,0.072949,-0.047668,-0.15478,-0.073168,1
