logka_pop,0.0052898,0.00059154,-0.0004706,0.00068191,0.00028127,-3.7491e-5,3.1923e-5
logV_pop,0.00059154,0.0010728,-0.00011988,-0.00015015,-1.2749e-5,0.00010131,2.8158e-5
logCl_pop,-0.0004706,-0.00011988,0.0010351,4.9664e-5,-0.00012567,-9.6812e-5,2.0707e-5
omega_logka,0.00068191,-0.00015015,4.9664e-5,0.0041719,0.00016315,-0.0001864,-2.7165e-5
omega_logV,0.00028127,-1.2749e-5,-0.00012567,0.00016315,0.00079857,-4.2167e-5,-3.8591e-5
omega_logCl,-3.7491e-5,0.00010131,-9.6812e-5,-0.0001864,-4.2167e-5,0.00065952,-1.6579e-5
b,3.1923e-5,2.8158e-5,2.0707e-5,-2.7165e-5,-3.8591e-5,-1.6579e-5,7.7845e-5
