logka_pop,1,0.17323,-0.19006,0.0096959,-0.13059,0.11211,0.047806
logV_pop,0.17323,1,-0.16055,-0.076645,0.033031,0.10784,0.064199
logCl_pop,-0.19006,-0.16055,1,0.11641,-0.13029,-0.18889,0.055348
omega_logka,0.0096959,-0.076645,0.11641,1,-0.12246,0.081432,-0.22578
omega_logV,-0.13059,0.033031,-0.13029,-0.12246,1,-0.083236,-0.10242
omega_logCl,0.11211,0.10784,-0.18889,0.081432,-0.083236,1,-0.121
b,0.047806,0.064199,0.055348,-0.22578,-0.10242,-0.121,1
