logka_pop,0.0052403,0.00044979,-0.00044777,0.00014164,-0.0002855,0.00021616,3.0209e-5
logV_pop,0.00044979,0.0012865,-0.00018741,-0.00055477,3.5781e-5,0.00010302,2.0101e-5
logCl_pop,-0.00044777,-0.00018741,0.0010592,0.00076457,-0.00012806,-0.00016373,1.5724e-5
omega_logka,0.00014164,-0.00055477,0.00076457,0.040724,-0.00074636,0.00043768,-0.00039772
omega_logV,-0.0002855,3.5781e-5,-0.00012806,-0.00074636,0.00091213,-6.6953e-5,-2.7001e-5
omega_logCl,0.00021616,0.00010302,-0.00016373,0.00043768,-6.6953e-5,0.00070937,-2.8133e-5
b,3.0209e-5,2.0101e-5,1.5724e-5,-0.00039772,-2.7001e-5,-2.8133e-5,7.6199e-5
