logka_pop,1,0.13419,-0.14983,0.33187,0.045518,0.064094,-0.074127
logV_pop,0.13419,1,-0.13518,-0.096973,0.024254,0.12934,0.069541
logCl_pop,-0.14983,-0.13518,1,-0.0083156,-0.11231,-0.15746,0.061892
omega_logka,0.33187,-0.096973,-0.0083156,1,0.076368,0.014618,-0.2224
omega_logV,0.045518,0.024254,-0.11231,0.076368,1,-0.0034568,-0.19317
omega_logCl,0.064094,0.12934,-0.15746,0.014618,-0.0034568,1,-0.082683
b,-0.074127,0.069541,0.061892,-0.2224,-0.19317,-0.082683,1
