logka_pop,0.0049248,0.00030638,-0.000369,0.00216,8.5634e-5,0.00012497,-4.5218e-5
logV_pop,0.00030638,0.0010586,-0.00015435,-0.00029262,2.1154e-5,0.00011692,1.9667e-5
logCl_pop,-0.000369,-0.00015435,0.0012316,-2.7066e-5,-0.00010566,-0.00015353,1.888e-5
omega_logka,0.00216,-0.00029262,-2.7066e-5,0.0086016,0.00018988,3.7668e-5,-0.00017929
omega_logV,8.5634e-5,2.1154e-5,-0.00010566,0.00018988,0.00071867,-2.5747e-6,-4.5014e-5
omega_logCl,0.00012497,0.00011692,-0.00015353,3.7668e-5,-2.5747e-6,0.00077192,-1.9968e-5
b,-4.5218e-5,1.9667e-5,1.888e-5,-0.00017929,-4.5014e-5,-1.9968e-5,7.5559e-5
