logka_pop,1,0.27151,-0.21741,0.047291,-0.078447,0.08555,0.10022
logV_pop,0.27151,1,-0.14974,-0.11817,-0.060708,0.15674,0.082991
logCl_pop,-0.21741,-0.14974,1,0.043846,-0.10008,-0.16998,0.04856
omega_logka,0.047291,-0.11817,0.043846,1,0.016385,-0.036607,-0.066216
omega_logV,-0.078447,-0.060708,-0.10008,0.016385,1,-0.069108,-0.20389
omega_logCl,0.08555,0.15674,-0.16998,-0.036607,-0.069108,1,-0.060125
b,0.10022,0.082991,0.04856,-0.066216,-0.20389,-0.060125,1
