logka_pop,0.0079496,0.00093525,-0.00076663,0.00024973,-0.00023149,0.00024127,8.392e-5
logV_pop,0.00093525,0.0014925,-0.00022879,-0.00027039,-7.7622e-5,0.00019154,3.011e-5
logCl_pop,-0.00076663,-0.00022879,0.0015641,0.0001027,-0.00013099,-0.00021264,1.8035e-5
omega_logka,0.00024973,-0.00027039,0.0001027,0.0035079,3.2119e-5,-6.8581e-5,-3.683e-5
omega_logV,-0.00023149,-7.7622e-5,-0.00013099,3.2119e-5,0.0010953,-7.2347e-5,-6.337e-5
omega_logCl,0.00024127,0.00019154,-0.00021264,-6.8581e-5,-7.2347e-5,0.0010005,-1.786e-5
b,8.392e-5,3.011e-5,1.8035e-5,-3.683e-5,-6.337e-5,-1.786e-5,8.8193e-5
