logka_pop,1,0.21596,-0.092867,0.31415,-0.22026,0.029357,-0.0081925
logV_pop,0.21596,1,-0.16863,-0.1351,0.044702,0.12056,0.12067
logCl_pop,-0.092867,-0.16863,1,0.20547,-0.19647,-0.13036,-0.048948
omega_logka,0.31415,-0.1351,0.20547,1,-0.55799,-0.11605,-0.32584
omega_logV,-0.22026,0.044702,-0.19647,-0.55799,1,-0.013115,0.12256
omega_logCl,0.029357,0.12056,-0.13036,-0.11605,-0.013115,1,-0.038878
b,-0.0081925,0.12067,-0.048948,-0.32584,0.12256,-0.038878,1
