logka_pop,0.0055945,0.00062158,-0.00025868,0.0083127,-0.00060538,6.474e-5,-5.5757e-6
logV_pop,0.00062158,0.0014808,-0.00024165,-0.0018392,6.321e-5,0.00013678,4.2251e-5
logCl_pop,-0.00025868,-0.00024165,0.0013869,0.0027071,-0.00026887,-0.00014313,-1.6587e-5
omega_logka,0.0083127,-0.0018392,0.0027071,0.12516,-0.0072539,-0.0012105,-0.0010489
omega_logV,-0.00060538,6.321e-5,-0.00026887,-0.0072539,0.0013503,-1.4209e-5,4.0982e-5
omega_logCl,6.474e-5,0.00013678,-0.00014313,-0.0012105,-1.4209e-5,0.00086927,-1.043e-5
b,-5.5757e-6,4.2251e-5,-1.6587e-5,-0.0010489,4.0982e-5,-1.043e-5,8.2797e-5
