logka_pop,1,0.20734,-0.16936,0.23714,-0.10475,0.10714,0.030003
logV_pop,0.20734,1,-0.10576,-0.038085,-0.043209,0.13881,0.045103
logCl_pop,-0.16936,-0.10576,1,0.034518,-0.1527,-0.10612,0.058563
omega_logka,0.23714,-0.038085,0.034518,1,-0.060879,-0.016116,-0.12617
omega_logV,-0.10475,-0.043209,-0.1527,-0.060879,1,-0.079078,-0.11164
omega_logCl,0.10714,0.13881,-0.10612,-0.016116,-0.079078,1,-0.073949
b,0.030003,0.045103,0.058563,-0.12617,-0.11164,-0.073949,1
