logka_pop,0.0084941,0.00072447,-0.00046374,0.0015543,-0.000302,0.000239,2.3577e-5
logV_pop,0.00072447,0.0014373,-0.00011913,-0.00010268,-5.1244e-5,0.00012737,1.458e-5
logCl_pop,-0.00046374,-0.00011913,0.00088272,7.2934e-5,-0.00014192,-7.6307e-5,1.4836e-5
omega_logka,0.0015543,-0.00010268,7.2934e-5,0.0050577,-0.00013544,-2.774e-5,-7.6506e-5
omega_logV,-0.000302,-5.1244e-5,-0.00014192,-0.00013544,0.00097857,-5.9872e-5,-2.9777e-5
omega_logCl,0.000239,0.00012737,-7.6307e-5,-2.774e-5,-5.9872e-5,0.00058579,-1.5261e-5
b,2.3577e-5,1.458e-5,1.4836e-5,-7.6506e-5,-2.9777e-5,-1.5261e-5,7.2701e-5
