logka_pop,1,0.20878,-0.17752,0.15067,-0.052783,0.062842,0.12277
logV_pop,0.20878,1,-0.16278,-0.011585,0.031179,0.097432,0.078606
logCl_pop,-0.17752,-0.16278,1,0.014132,-0.11384,-0.13246,0.024111
omega_logka,0.15067,-0.011585,0.014132,1,-0.14565,0.066879,0.0076792
omega_logV,-0.052783,0.031179,-0.11384,-0.14565,1,-0.062814,-0.14372
omega_logCl,0.062842,0.097432,-0.13246,0.066879,-0.062814,1,-0.029345
b,0.12277,0.078606,0.024111,0.0076792,-0.14372,-0.029345,1
