logka_pop,0.0077779,0.00060561,-0.00054581,0.00099539,-0.00012489,0.00014613,8.9039e-5
logV_pop,0.00060561,0.0010818,-0.00018665,-2.8541e-5,2.7512e-5,8.4495e-5,2.1261e-5
logCl_pop,-0.00054581,-0.00018665,0.0012154,3.6906e-5,-0.00010648,-0.00012177,6.9127e-6
omega_logka,0.00099539,-2.8541e-5,3.6906e-5,0.005611,-0.00029271,0.00013209,4.7305e-6
omega_logV,-0.00012489,2.7512e-5,-0.00010648,-0.00029271,0.00071978,-4.4434e-5,-3.1708e-5
omega_logCl,0.00014613,8.4495e-5,-0.00012177,0.00013209,-4.4434e-5,0.00069521,-6.3629e-6
b,8.9039e-5,2.1261e-5,6.9127e-6,4.7305e-6,-3.1708e-5,-6.3629e-6,6.7629e-5
