logka_pop,1,0.2519,-0.22723,0.002427,0.022258,0.088773,0.060291
logV_pop,0.2519,1,-0.1983,-0.11694,0.051605,0.13087,0.051553
logCl_pop,-0.22723,-0.1983,1,0.10493,-0.18349,-0.1779,0.071768
omega_logka,0.002427,-0.11694,0.10493,1,-0.066287,-0.084899,-0.10188
omega_logV,0.022258,0.051605,-0.18349,-0.066287,1,-0.047538,-0.1342
omega_logCl,0.088773,0.13087,-0.1779,-0.084899,-0.047538,1,-0.10457
b,0.060291,0.051553,0.071768,-0.10188,-0.1342,-0.10457,1
