logka_pop,0.0072379,0.00075838,-0.00059511,1.6213e-5,5.7195e-5,0.00019113,4.5234e-5
logV_pop,0.00075838,0.0012523,-0.00021603,-0.00032494,5.5159e-5,0.00011721,1.6089e-5
logCl_pop,-0.00059511,-0.00021603,0.00094767,0.00025364,-0.00017061,-0.00013859,1.9483e-5
omega_logka,1.6213e-5,-0.00032494,0.00025364,0.0061653,-0.00015721,-0.0001687,-7.0546e-5
omega_logV,5.7195e-5,5.5159e-5,-0.00017061,-0.00015721,0.00091229,-3.6336e-5,-3.5746e-5
omega_logCl,0.00019113,0.00011721,-0.00013859,-0.0001687,-3.6336e-5,0.00064043,-2.3337e-5
b,4.5234e-5,1.6089e-5,1.9483e-5,-7.0546e-5,-3.5746e-5,-2.3337e-5,7.777e-5
