logka_pop,0.012949,0.001215,-0.0012955,0.015532,0.00023648,0.00029305,-7.6877e-5
logV_pop,0.001215,0.001123,-0.00021573,0.0010454,-7.3286e-6,0.00013951,2.0814e-6
logCl_pop,-0.0012955,-0.00021573,0.001191,-0.0015254,-0.00015048,-0.00013688,2.8997e-5
omega_logka,0.015532,0.0010454,-0.0015254,0.03306,0.00025817,0.00016919,-0.000146
omega_logV,0.00023648,-7.3286e-6,-0.00015048,0.00025817,0.00075739,-1.2441e-5,-2.9534e-5
omega_logCl,0.00029305,0.00013951,-0.00013688,0.00016919,-1.2441e-5,0.00061593,-2.2435e-5
b,-7.6877e-5,2.0814e-6,2.8997e-5,-0.000146,-2.9534e-5,-2.2435e-5,7.1882e-5
