logka_pop,0.0054185,0.00059411,-0.00055994,-0.00022889,0.00015045,2.511e-5,2.7691e-5
logV_pop,0.00059411,0.0011705,-0.00021809,-0.00025611,3.6952e-5,0.00013527,2.5579e-5
logCl_pop,-0.00055994,-0.00021809,0.0014409,0.00011982,-0.00015494,-0.0001622,1.9428e-5
omega_logka,-0.00022889,-0.00025611,0.00011982,0.003898,8.169e-5,-0.00010915,-5.0025e-5
omega_logV,0.00015045,3.6952e-5,-0.00015494,8.169e-5,0.00092418,-3.2372e-5,-4.5675e-5
omega_logCl,2.511e-5,0.00013527,-0.0001622,-0.00010915,-3.2372e-5,0.00085539,-1.8794e-5
b,2.7691e-5,2.5579e-5,1.9428e-5,-5.0025e-5,-4.5675e-5,-1.8794e-5,8.051e-5
