logka_pop,1,0.25273,-0.20229,-0.14816,0.10262,0.073904,0.053666
logV_pop,0.25273,1,-0.12759,-0.18239,0.036186,0.17197,0.079223
logCl_pop,-0.20229,-0.12759,1,0.18241,-0.2093,-0.13857,0.084055
omega_logka,-0.14816,-0.18239,0.18241,1,-0.18669,-0.12306,-0.097491
omega_logV,0.10262,0.036186,-0.2093,-0.18669,1,0.036035,-0.21495
omega_logCl,0.073904,0.17197,-0.13857,-0.12306,0.036035,1,-0.067794
b,0.053666,0.079223,0.084055,-0.097491,-0.21495,-0.067794,1
