logka_pop,0.0055731,0.00064519,-0.00053611,-0.0011519,0.00022523,0.00015087,3.7132e-5
logV_pop,0.00064519,0.0011694,-0.00015489,-0.00064955,3.6379e-5,0.00016082,2.5109e-5
logCl_pop,-0.00053611,-0.00015489,0.0012603,0.0006744,-0.00021844,-0.00013453,2.7656e-5
omega_logka,-0.0011519,-0.00064955,0.0006744,0.010846,-0.00057162,-0.00035049,-9.4103e-5
omega_logV,0.00022523,3.6379e-5,-0.00021844,-0.00057162,0.0008643,2.8971e-5,-5.8568e-5
omega_logCl,0.00015087,0.00016082,-0.00013453,-0.00035049,2.8971e-5,0.00074783,-1.7183e-5
b,3.7132e-5,2.5109e-5,2.7656e-5,-9.4103e-5,-5.8568e-5,-1.7183e-5,8.59e-5
