logka_pop,1,0.14357,-0.13764,0.14871,0.015085,0.0042855,0.022277
logV_pop,0.14357,1,-0.033523,-0.059398,-0.096771,0.12598,0.074786
logCl_pop,-0.13764,-0.033523,1,0.014603,-0.11614,-0.072048,0.057007
omega_logka,0.14871,-0.059398,0.014603,1,0.016337,-0.080294,-0.095419
omega_logV,0.015085,-0.096771,-0.11614,0.016337,1,-0.05969,-0.1419
omega_logCl,0.0042855,0.12598,-0.072048,-0.080294,-0.05969,1,-0.04648
b,0.022277,0.074786,0.057007,-0.095419,-0.1419,-0.04648,1
