logka_pop,0.0060789,0.0003734,-0.00029701,0.0010014,3.4641e-5,7.0082e-6,1.411e-5
logV_pop,0.0003734,0.0011127,-3.0949e-5,-0.00017113,-9.5079e-5,8.8142e-5,2.0267e-5
logCl_pop,-0.00029701,-3.0949e-5,0.00076599,3.4907e-5,-9.4672e-5,-4.1824e-5,1.2817e-5
omega_logka,0.0010014,-0.00017113,3.4907e-5,0.0074598,4.156e-5,-0.00014546,-6.6952e-5
omega_logV,3.4641e-5,-9.5079e-5,-9.4672e-5,4.156e-5,0.00086754,-3.6875e-5,-3.3954e-5
omega_logCl,7.0082e-6,8.8142e-5,-4.1824e-5,-0.00014546,-3.6875e-5,0.00043992,-7.9199e-6
b,1.411e-5,2.0267e-5,1.2817e-5,-6.6952e-5,-3.3954e-5,-7.9199e-6,6.5997e-5
