logka_pop,1,0.34665,-0.18864,0.43899,-0.11994,0.17024,0.0096558
logV_pop,0.34665,1,-0.1819,0.046899,-0.052978,0.21299,0.074175
logCl_pop,-0.18864,-0.1819,1,-0.019351,-0.093818,-0.19943,0.088463
omega_logka,0.43899,0.046899,-0.019351,1,-0.18561,0.083981,-0.089016
omega_logV,-0.11994,-0.052978,-0.093818,-0.18561,1,-0.022526,-0.1867
omega_logCl,0.17024,0.21299,-0.19943,0.083981,-0.022526,1,-0.1342
b,0.0096558,0.074175,0.088463,-0.089016,-0.1867,-0.1342,1
