logka_pop,0.008546,0.0010215,-0.00063061,0.0034524,-0.00030342,0.00046471,8.3991e-6
logV_pop,0.0010215,0.0010161,-0.00020968,0.00012718,-4.6212e-5,0.00020048,2.2247e-5
logCl_pop,-0.00063061,-0.00020968,0.0013077,-5.9531e-5,-9.2842e-5,-0.00021295,3.0101e-5
omega_logka,0.0034524,0.00012718,-5.9531e-5,0.0072372,-0.0004321,0.00021096,-7.1255e-5
omega_logV,-0.00030342,-4.6212e-5,-9.2842e-5,-0.0004321,0.00074886,-1.8202e-5,-4.8074e-5
omega_logCl,0.00046471,0.00020048,-0.00021295,0.00021096,-1.8202e-5,0.0008719,-3.7287e-5
b,8.3991e-6,2.2247e-5,3.0101e-5,-7.1255e-5,-4.8074e-5,-3.7287e-5,8.8537e-5
