logka_pop,1,0.24915,-0.23908,0.092676,0.052138,0.015029,0.079768
logV_pop,0.24915,1,-0.19839,-0.15423,0.10175,0.084994,0.10436
logCl_pop,-0.23908,-0.19839,1,0.055318,-0.13581,-0.0826,-0.019975
omega_logka,0.092676,-0.15423,0.055318,1,-0.10393,-0.08895,-0.13083
omega_logV,0.052138,0.10175,-0.13581,-0.10393,1,-0.059518,-0.07929
omega_logCl,0.015029,0.084994,-0.0826,-0.08895,-0.059518,1,-0.092274
b,0.079768,0.10436,-0.019975,-0.13083,-0.07929,-0.092274,1
