logka_pop,0.0079606,0.00081871,-0.00071357,0.00073354,0.00014393,3.555e-5,5.8189e-5
logV_pop,0.00081871,0.0013564,-0.00024442,-0.0005039,0.00011595,8.2993e-5,3.1423e-5
logCl_pop,-0.00071357,-0.00024442,0.001119,0.00016416,-0.00014056,-7.3257e-5,-5.4632e-6
omega_logka,0.00073354,-0.0005039,0.00016416,0.0078698,-0.00028526,-0.00020921,-9.4894e-5
omega_logV,0.00014393,0.00011595,-0.00014056,-0.00028526,0.00095725,-4.8822e-5,-2.0057e-5
omega_logCl,3.555e-5,8.2993e-5,-7.3257e-5,-0.00020921,-4.8822e-5,0.00070292,-2.0002e-5
b,5.8189e-5,3.1423e-5,-5.4632e-6,-9.4894e-5,-2.0057e-5,-2.0002e-5,6.6846e-5
