logka_pop,1,0.1514,-0.17745,0.25577,0.050934,-0.061,0.086432
logV_pop,0.1514,1,-0.14013,-0.22554,0.0071824,0.13652,0.12771
logCl_pop,-0.17745,-0.14013,1,0.073299,-0.19602,-0.085,0.053046
omega_logka,0.25577,-0.22554,0.073299,1,0.097944,-0.12818,-0.1685
omega_logV,0.050934,0.0071824,-0.19602,0.097944,1,-0.058976,-0.19349
omega_logCl,-0.061,0.13652,-0.085,-0.12818,-0.058976,1,-0.072499
b,0.086432,0.12771,0.053046,-0.1685,-0.19349,-0.072499,1
