logka_pop,1,0.22598,-0.21354,0.15885,0.15972,-0.065648,-0.0049205
logV_pop,0.22598,1,-0.12382,-0.083663,0.033951,0.11317,0.058265
logCl_pop,-0.21354,-0.12382,1,0.0060975,-0.14519,-0.11736,0.05595
omega_logka,0.15885,-0.083663,0.0060975,1,0.21471,-0.3781,-0.16552
omega_logV,0.15972,0.033951,-0.14519,0.21471,1,-0.13636,-0.11586
omega_logCl,-0.065648,0.11317,-0.11736,-0.3781,-0.13636,1,0.0034941
b,-0.0049205,0.058265,0.05595,-0.16552,-0.11586,0.0034941,1
