logka_pop,0.003959,0.00056112,-0.00046604,0.00095804,0.00032675,-0.00012281,-2.5479e-6
logV_pop,0.00056112,0.0015574,-0.00016949,-0.00031647,4.3562e-5,0.00013278,1.8923e-5
logCl_pop,-0.00046604,-0.00016949,0.0012031,2.0272e-5,-0.00016374,-0.00012102,1.5971e-5
omega_logka,0.00095804,-0.00031647,2.0272e-5,0.0091878,0.00066914,-0.0010775,-0.00013057
omega_logV,0.00032675,4.3562e-5,-0.00016374,0.00066914,0.0010571,-0.00013182,-3.1002e-5
omega_logCl,-0.00012281,0.00013278,-0.00012102,-0.0010775,-0.00013182,0.00088391,8.5492e-7
b,-2.5479e-6,1.8923e-5,1.5971e-5,-0.00013057,-3.1002e-5,8.5492e-7,6.7728e-5
