logka_pop,1,0.2736,-0.17618,-0.16794,-0.077974,0.12191,0.10152
logV_pop,0.2736,1,-0.11367,-0.12671,-0.087529,0.16526,0.11615
logCl_pop,-0.17618,-0.11367,1,0.042526,-0.11097,-0.14157,0.048328
omega_logka,-0.16794,-0.12671,0.042526,1,0.037112,-0.092638,-0.12824
omega_logV,-0.077974,-0.087529,-0.11097,0.037112,1,-0.067628,-0.15074
omega_logCl,0.12191,0.16526,-0.14157,-0.092638,-0.067628,1,-0.048186
b,0.10152,0.11615,0.048328,-0.12824,-0.15074,-0.048186,1
