logka_pop,0.0056949,0.0007475,-0.00046669,-0.00088732,-0.0001702,0.00026427,7.1546e-5
logV_pop,0.0007475,0.0013107,-0.00014445,-0.00032118,-9.1657e-5,0.00017185,3.9272e-5
logCl_pop,-0.00046669,-0.00014445,0.0012321,0.00010451,-0.00011267,-0.00014274,1.5843e-5
omega_logka,-0.00088732,-0.00032118,0.00010451,0.0049019,7.5157e-5,-0.00018631,-8.3854e-5
omega_logV,-0.0001702,-9.1657e-5,-0.00011267,7.5157e-5,0.00083663,-5.6188e-5,-4.0719e-5
omega_logCl,0.00026427,0.00017185,-0.00014274,-0.00018631,-5.6188e-5,0.00082509,-1.2926e-5
b,7.1546e-5,3.9272e-5,1.5843e-5,-8.3854e-5,-4.0719e-5,-1.2926e-5,8.722e-5
