logka_pop,1,0.31312,-0.27658,-0.30597,0.12002,0.062893,0.24437
logV_pop,0.31312,1,-0.28374,-0.49725,0.12498,0.16641,0.31796
logCl_pop,-0.27658,-0.28374,1,0.36207,-0.2326,-0.17206,-0.16022
omega_logka,-0.30597,-0.49725,0.36207,1,-0.33076,-0.14171,-0.50585
omega_logV,0.12002,0.12498,-0.2326,-0.33076,1,0.0048553,0.078244
omega_logCl,0.062893,0.16641,-0.17206,-0.14171,0.0048553,1,0.035846
b,0.24437,0.31796,-0.16022,-0.50585,0.078244,0.035846,1
