logka_pop,1,0.20757,-0.19129,0.19401,0.0054001,0.098789,-0.030151
logV_pop,0.20757,1,-0.15002,-0.021487,-0.024705,0.11599,0.055357
logCl_pop,-0.19129,-0.15002,1,0.010274,-0.13636,-0.12022,0.079402
omega_logka,0.19401,-0.021487,0.010274,1,0.070857,0.012907,-0.19377
omega_logV,0.0054001,-0.024705,-0.13636,0.070857,1,-0.047709,-0.19606
omega_logCl,0.098789,0.11599,-0.12022,0.012907,-0.047709,1,-0.10953
b,-0.030151,0.055357,0.079402,-0.19377,-0.19606,-0.10953,1
