logka_pop,1,0.23025,-0.18574,0.17308,-0.10355,0.043703,0.10983
logV_pop,0.23025,1,-0.14477,-0.11479,-0.032273,0.16226,0.054152
logCl_pop,-0.18574,-0.14477,1,0.068696,-0.14436,-0.11938,0.078863
omega_logka,0.17308,-0.11479,0.068696,1,-0.10035,0.011904,-0.033372
omega_logV,-0.10355,-0.032273,-0.14436,-0.10035,1,-0.12088,-0.18489
omega_logCl,0.043703,0.16226,-0.11938,0.011904,-0.12088,1,-0.080638
b,0.10983,0.054152,0.078863,-0.033372,-0.18489,-0.080638,1
