logka_pop,1,0.2373,-0.20419,0.32001,-0.057888,0.09182,0.10298
logV_pop,0.2373,1,-0.18782,-0.044435,0.07141,0.17838,0.070239
logCl_pop,-0.20419,-0.18782,1,0.022876,-0.094435,-0.21183,0.043365
omega_logka,0.32001,-0.044435,0.022876,1,-0.063776,-0.047962,-0.041667
omega_logV,-0.057888,0.07141,-0.094435,-0.063776,1,0.00012578,-0.17972
omega_logCl,0.09182,0.17838,-0.21183,-0.047962,0.00012578,1,-0.067418
b,0.10298,0.070239,0.043365,-0.041667,-0.17972,-0.067418,1
