logka_pop,0.0091498,0.00074469,-0.000721,0.0027067,-0.00014907,0.00025443,8.6918e-5
logV_pop,0.00074469,0.0010763,-0.00022746,-0.0001289,6.3069e-5,0.00016952,2.0333e-5
logCl_pop,-0.000721,-0.00022746,0.0013627,7.4668e-5,-9.3848e-5,-0.00022653,1.4125e-5
omega_logka,0.0027067,-0.0001289,7.4668e-5,0.0078185,-0.00015181,-0.00012285,-3.251e-5
omega_logV,-0.00014907,6.3069e-5,-9.3848e-5,-0.00015181,0.00072475,9.8094e-8,-4.2692e-5
omega_logCl,0.00025443,0.00016952,-0.00022653,-0.00012285,9.8094e-8,0.00083921,-1.7233e-5
b,8.6918e-5,2.0333e-5,1.4125e-5,-3.251e-5,-4.2692e-5,-1.7233e-5,7.7861e-5
