logka_pop,1,0.24659,-0.20328,0.045654,-0.0042499,0.11267,0.048493
logV_pop,0.24659,1,-0.15793,-0.10266,-0.012189,0.12628,0.066221
logCl_pop,-0.20328,-0.15793,1,0.08645,-0.084011,-0.21009,0.025628
omega_logka,0.045654,-0.10266,0.08645,1,0.004816,-0.075653,-0.16078
omega_logV,-0.0042499,-0.012189,-0.084011,0.004816,1,-0.018229,-0.1141
omega_logCl,0.11267,0.12628,-0.21009,-0.075653,-0.018229,1,-0.099998
b,0.048493,0.066221,0.025628,-0.16078,-0.1141,-0.099998,1
