logka_pop,0.0042111,0.00052757,-0.00045808,0.00020828,-7.2529e-6,0.00019953,2.4802e-5
logV_pop,0.00052757,0.001087,-0.00018081,-0.00023796,-1.0569e-5,0.00011362,1.7207e-5
logCl_pop,-0.00045808,-0.00018081,0.0012058,0.00021105,-7.6721e-5,-0.0001991,7.0138e-6
omega_logka,0.00020828,-0.00023796,0.00021105,0.0049427,8.9045e-6,-0.00014516,-8.909e-5
omega_logV,-7.2529e-6,-1.0569e-5,-7.6721e-5,8.9045e-6,0.00069164,-1.3083e-5,-2.3651e-5
omega_logCl,0.00019953,0.00011362,-0.0001991,-0.00014516,-1.3083e-5,0.00074483,-2.1509e-5
b,2.4802e-5,1.7207e-5,7.0138e-6,-8.909e-5,-2.3651e-5,-2.1509e-5,6.2116e-5
