logka_pop,0.0042126,0.00043523,-0.00036579,0.00048242,4.4501e-5,-1.9566e-5,4.1265e-5
logV_pop,0.00043523,0.0011434,-0.00016806,-0.00036954,4.4765e-6,5.0006e-5,3.7711e-5
logCl_pop,-0.00036579,-0.00016806,0.0013167,0.00015916,-0.00011404,-7.5761e-5,3.412e-6
omega_logka,0.00048242,-0.00036954,0.00015916,0.0051469,-0.00025988,-7.4067e-5,-9.7007e-5
omega_logV,4.4501e-5,4.4765e-6,-0.00011404,-0.00025988,0.00067278,-7.18e-6,-2.2201e-5
omega_logCl,-1.9566e-5,5.0006e-5,-7.5761e-5,-7.4067e-5,-7.18e-6,0.00076073,-1.9256e-5
b,4.1265e-5,3.7711e-5,3.412e-6,-9.7007e-5,-2.2201e-5,-1.9256e-5,7.2299e-5
