logka_pop,1,0.24801,-0.19172,0.12182,-0.080816,0.075276,0.11796
logV_pop,0.24801,1,-0.10906,-0.0049591,-0.056369,0.13552,0.07488
logCl_pop,-0.19172,-0.10906,1,0.10173,-0.14625,-0.12396,0.046491
omega_logka,0.12182,-0.0049591,0.10173,1,-0.23981,0.0012009,-0.057418
omega_logV,-0.080816,-0.056369,-0.14625,-0.23981,1,-0.010542,-0.067836
omega_logCl,0.075276,0.13552,-0.12396,0.0012009,-0.010542,1,-0.10298
b,0.11796,0.07488,0.046491,-0.057418,-0.067836,-0.10298,1
