logka_pop,1,0.2543,-0.28148,-0.14114,0.13191,0.13949,0.051511
logV_pop,0.2543,1,-0.17423,-0.26405,0.10352,0.1835,0.071822
logCl_pop,-0.28148,-0.17423,1,0.17212,-0.23844,-0.15621,0.080689
omega_logka,-0.14114,-0.26405,0.17212,1,-0.25255,-0.17438,-0.1009
omega_logV,0.13191,0.10352,-0.23844,-0.25255,1,0.071273,-0.24512
omega_logCl,0.13949,0.1835,-0.15621,-0.17438,0.071273,1,-0.071174
b,0.051511,0.071822,0.080689,-0.1009,-0.24512,-0.071174,1
