logka_pop,0.0094314,0.00089744,-0.00095749,-0.0016175,0.00044496,0.00037418,4.6651e-5
logV_pop,0.00089744,0.0013205,-0.00022177,-0.0011323,0.00013067,0.00018418,2.4339e-5
logCl_pop,-0.00095749,-0.00022177,0.0012268,0.00071141,-0.00029009,-0.00015113,2.6356e-5
omega_logka,-0.0016175,-0.0011323,0.00071141,0.013925,-0.0010351,-0.00056837,-0.00011103
omega_logV,0.00044496,0.00013067,-0.00029009,-0.0010351,0.0012065,6.8379e-5,-7.9399e-5
omega_logCl,0.00037418,0.00018418,-0.00015113,-0.00056837,6.8379e-5,0.00076292,-1.8333e-5
b,4.6651e-5,2.4339e-5,2.6356e-5,-0.00011103,-7.9399e-5,-1.8333e-5,8.6963e-5
