logCl_pop,1,-0.00074992,0.027341,0.0013845,-0.0041659,-0.0010362,-0.0040141,-0.013842,0.020467
logV1_pop,-0.00074992,1,-0.071242,-0.032754,0.0035221,-0.008249,-0.021768,0.01601,0.019588
logQ_pop,0.027341,-0.071242,1,0.095801,-0.010604,-0.0076036,0.10915,-0.073337,0.017269
logV2_pop,0.0013845,-0.032754,0.095801,1,0.01748,-0.012992,0.061053,-0.017834,0.013528
omega_logCl,-0.0041659,0.0035221,-0.010604,0.01748,1,0.00045788,-0.0095414,0.0073811,-0.0014468
omega_logV1,-0.0010362,-0.008249,-0.0076036,-0.012992,0.00045788,1,-0.0093833,-0.0019349,-0.0022856
omega_logQ,-0.0040141,-0.021768,0.10915,0.061053,-0.0095414,-0.0093833,1,-0.024686,-0.029273
omega_logV2,-0.013842,0.01601,-0.073337,-0.017834,0.0073811,-0.0019349,-0.024686,1,-0.024065
b,0.020467,0.019588,0.017269,0.013528,-0.0014468,-0.0022856,-0.029273,-0.024065,1
