logCl_pop,0.00096662,-6.8749e-7,3.7733e-5,1.3587e-6,-2.8691e-6,-6.7872e-7,-4.7947e-6,-1.1196e-5,1.1495e-6
logV1_pop,-6.8749e-7,0.00086946,-9.3245e-5,-3.0484e-5,2.3006e-6,-5.1242e-6,-2.466e-5,1.2281e-5,1.0434e-6
logQ_pop,3.7733e-5,-9.3245e-5,0.0019703,0.00013422,-1.0427e-5,-7.1103e-6,0.00018614,-8.4687e-5,1.3848e-6
logV2_pop,1.3587e-6,-3.0484e-5,0.00013422,0.00099626,1.2222e-5,-8.6388e-6,7.4035e-5,-1.4644e-5,7.7137e-7
omega_logCl,-2.8691e-6,2.3006e-6,-1.0427e-5,1.2222e-5,0.0004907,2.1368e-7,-8.1201e-6,4.2535e-6,-5.7896e-8
omega_logV1,-6.7872e-7,-5.1242e-6,-7.1103e-6,-8.6388e-6,2.1368e-7,0.00044381,-7.5945e-6,-1.0604e-6,-8.6988e-8
omega_logQ,-4.7947e-6,-2.466e-5,0.00018614,7.4035e-5,-8.1201e-6,-7.5945e-6,0.001476,-2.4673e-5,-2.0317e-6
omega_logV2,-1.1196e-5,1.2281e-5,-8.4687e-5,-1.4644e-5,4.2535e-6,-1.0604e-6,-2.4673e-5,0.00067678,-1.131e-6
b,1.1495e-6,1.0434e-6,1.3848e-6,7.7137e-7,-5.7896e-8,-8.6988e-8,-2.0317e-6,-1.131e-6,3.2636e-6
