logka_pop,0.0030028,0.00043483,-0.00029204,0.00016435,-0.0001016,0.00010832,3.3358e-5
logV_pop,0.00043483,0.0012909,-0.00019092,-0.00017447,-1.9923e-5,0.00014286,1.8827e-5
logCl_pop,-0.00029204,-0.00019092,0.0012415,0.00017584,-9.808e-5,-0.00018789,1.1865e-5
omega_logka,0.00016435,-0.00017447,0.00017584,0.0033089,9.5251e-5,-0.00020241,-2.913e-5
omega_logV,-0.0001016,-1.9923e-5,-9.808e-5,9.5251e-5,0.00090526,-4.647e-5,-3.4885e-5
omega_logCl,0.00010832,0.00014286,-0.00018789,-0.00020241,-4.647e-5,0.00075699,-9.8347e-6
b,3.3358e-5,1.8827e-5,1.1865e-5,-2.913e-5,-3.4885e-5,-9.8347e-6,7.2421e-5
