logka_pop,1,0.15321,-0.22785,0.10621,0.024516,0.061743,0.050179
logV_pop,0.15321,1,-0.1441,-0.061456,0.019461,0.12829,0.050338
logCl_pop,-0.22785,-0.1441,1,0.060397,-0.13545,-0.17397,0.05869
omega_logka,0.10621,-0.061456,0.060397,1,0.024369,-0.026062,-0.1199
omega_logV,0.024516,0.019461,-0.13545,0.024369,1,-0.012165,-0.13185
omega_logCl,0.061743,0.12829,-0.17397,-0.026062,-0.012165,1,-0.1016
b,0.050179,0.050338,0.05869,-0.1199,-0.13185,-0.1016,1
