logka_pop,0.0093672,0.00057247,-0.00074403,0.0008132,7.2112e-5,0.00015876,3.9993e-5
logV_pop,0.00057247,0.0014904,-0.0001877,-0.00018769,2.2833e-5,0.00013158,1.6003e-5
logCl_pop,-0.00074403,-0.0001877,0.0011384,0.0001612,-0.00013889,-0.00015595,1.6307e-5
omega_logka,0.0008132,-0.00018769,0.0001612,0.0062577,5.8588e-5,-5.4775e-5,-7.8106e-5
omega_logV,7.2112e-5,2.2833e-5,-0.00013889,5.8588e-5,0.00092366,-9.8225e-6,-3.2999e-5
omega_logCl,0.00015876,0.00013158,-0.00015595,-5.4775e-5,-9.8225e-6,0.00070588,-2.2228e-5
b,3.9993e-5,1.6003e-5,1.6307e-5,-7.8106e-5,-3.2999e-5,-2.2228e-5,6.7813e-5
