logka_pop,0.0033506,0.00032898,-0.00028231,-0.001067,-1.3329e-5,9.633e-5,5.9761e-5
logV_pop,0.00032898,0.0010304,-9.5474e-5,-0.00016045,3.4998e-5,0.00011663,1.7732e-5
logCl_pop,-0.00028231,-9.5474e-5,0.00079828,0.00012922,-0.00010101,-0.00010847,1.7873e-5
omega_logka,-0.001067,-0.00016045,0.00012922,0.0022434,8.086e-5,-6.8437e-5,-6.8523e-5
omega_logV,-1.3329e-5,3.4998e-5,-0.00010101,8.086e-5,0.00080955,-7.0055e-6,-6.2147e-5
omega_logCl,9.633e-5,0.00011663,-0.00010847,-6.8437e-5,-7.0055e-6,0.00057329,-2.3938e-5
b,5.9761e-5,1.7732e-5,1.7873e-5,-6.8523e-5,-6.2147e-5,-2.3938e-5,8.4896e-5
