logka_pop,1,0.22294,-0.26869,0.2073,0.081144,0.03895,0.021916
logV_pop,0.22294,1,-0.19703,-0.073185,0.024687,0.08766,0.083621
logCl_pop,-0.26869,-0.19703,1,0.060124,-0.16654,-0.13698,0.034406
omega_logka,0.2073,-0.073185,0.060124,1,-0.051235,-0.096177,-0.10722
omega_logV,0.081144,0.024687,-0.16654,-0.051235,1,-0.061514,-0.11448
omega_logCl,0.03895,0.08766,-0.13698,-0.096177,-0.061514,1,-0.030504
b,0.021916,0.083621,0.034406,-0.10722,-0.11448,-0.030504,1
