logka_pop,0.0090112,0.0007797,-0.0008062,0.0022359,0.00023866,8.693e-5,1.7083e-5
logV_pop,0.0007797,0.0013574,-0.00022945,-0.00030636,2.8181e-5,7.593e-5,2.5297e-5
logCl_pop,-0.0008062,-0.00022945,0.00099911,0.00021593,-0.00016311,-0.0001018,8.93e-6
omega_logka,0.0022359,-0.00030636,0.00021593,0.01291,-0.00018037,-0.00025692,-0.00010004
omega_logV,0.00023866,2.8181e-5,-0.00016311,-0.00018037,0.00096003,-4.4811e-5,-2.9126e-5
omega_logCl,8.693e-5,7.593e-5,-0.0001018,-0.00025692,-4.4811e-5,0.00055275,-5.8888e-6
b,1.7083e-5,2.5297e-5,8.93e-6,-0.00010004,-2.9126e-5,-5.8888e-6,6.7425e-5
