logka_pop,1,0.19043,-0.20941,-0.27256,0.021473,0.089764,0.056382
logV_pop,0.19043,1,-0.16997,-0.19415,-0.0030368,0.16022,0.076961
logCl_pop,-0.20941,-0.16997,1,0.14166,-0.1511,-0.21966,0.079747
omega_logka,-0.27256,-0.19415,0.14166,1,0.017698,-0.25549,-0.066475
omega_logV,0.021473,-0.0030368,-0.1511,0.017698,1,-0.035199,-0.096963
omega_logCl,0.089764,0.16022,-0.21966,-0.25549,-0.035199,1,-0.13228
b,0.056382,0.076961,0.079747,-0.066475,-0.096963,-0.13228,1
