logka_pop,0.0046264,0.00050199,-0.00045708,-0.0014836,4.4251e-5,0.00016586,3.4975e-5
logV_pop,0.00050199,0.0015021,-0.00021139,-0.00060215,-3.5659e-6,0.00016868,2.7202e-5
logCl_pop,-0.00045708,-0.00021139,0.0010298,0.00036379,-0.0001469,-0.00019149,2.3339e-5
omega_logka,-0.0014836,-0.00060215,0.00036379,0.006404,4.2908e-5,-0.00055541,-4.8515e-5
omega_logV,4.4251e-5,-3.5659e-6,-0.0001469,4.2908e-5,0.00091791,-2.8971e-5,-2.6792e-5
omega_logCl,0.00016586,0.00016868,-0.00019149,-0.00055541,-2.8971e-5,0.00073798,-3.2772e-5
b,3.4975e-5,2.7202e-5,2.3339e-5,-4.8515e-5,-2.6792e-5,-3.2772e-5,8.3174e-5
