logka_pop,1,0.15887,-0.17634,0.14005,-0.016545,0.035585,0.12262
logV_pop,0.15887,1,-0.12532,-0.091495,-0.0052329,0.12757,0.062471
logCl_pop,-0.17634,-0.12532,1,0.07498,-0.086112,-0.17243,0.02571
omega_logka,0.14005,-0.091495,0.07498,1,-0.063406,-0.044888,-0.11278
omega_logV,-0.016545,-0.0052329,-0.086112,-0.063406,1,-0.031005,-0.055437
omega_logCl,0.035585,0.12757,-0.17243,-0.044888,-0.031005,1,-0.065257
b,0.12262,0.062471,0.02571,-0.11278,-0.055437,-0.065257,1
