logka_pop,0.012265,0.00067219,-0.00075638,0.0014449,-5.413e-5,0.00011808,0.00011802
logV_pop,0.00067219,0.0014596,-0.00018544,-0.00032563,-5.906e-6,0.00014604,2.0743e-5
logCl_pop,-0.00075638,-0.00018544,0.0015001,0.00027053,-9.8529e-5,-0.00020011,8.6547e-6
omega_logka,0.0014449,-0.00032563,0.00027053,0.0086782,-0.0001745,-0.00012529,-9.1313e-5
omega_logV,-5.413e-5,-5.906e-6,-9.8529e-5,-0.0001745,0.00087272,-2.7445e-5,-1.4234e-5
omega_logCl,0.00011808,0.00014604,-0.00020011,-0.00012529,-2.7445e-5,0.00089781,-1.6994e-5
b,0.00011802,2.0743e-5,8.6547e-6,-9.1313e-5,-1.4234e-5,-1.6994e-5,7.5538e-5
