logka_pop,1,0.20309,-0.19292,0.056362,-0.040561,0.12233,0.025808
logV_pop,0.20309,1,-0.14554,-0.12662,-0.0032684,0.1879,0.069012
logCl_pop,-0.19292,-0.14554,1,0.13038,-0.15029,-0.19071,0.077483
omega_logka,0.056362,-0.12662,0.13038,1,-0.1708,-0.097421,-0.063887
omega_logV,-0.040561,-0.0032684,-0.15029,-0.1708,1,-0.062435,-0.12485
omega_logCl,0.12233,0.1879,-0.19071,-0.097421,-0.062435,1,-0.059438
b,0.025808,0.069012,0.077483,-0.063887,-0.12485,-0.059438,1
