logV1_pop,0.00076946,-0.0002004,-4.941e-5,-2.0268e-5,-2.3557e-5,-4.6802e-6,-0.00011841,3.7056e-5,1.0031e-5,-1.2596e-6,1.251e-6
logQ_pop,-0.0002004,0.0034641,-3.3517e-5,0.00014672,4.0263e-5,-7.613e-6,0.00039541,-0.00018279,-6.2683e-5,-3.2129e-5,1.7995e-6
logV2_pop,-4.941e-5,-3.3517e-5,0.0014149,-0.00020113,-7.5842e-5,1.1929e-6,0.00039219,-5.8309e-5,9.5105e-5,7.7107e-5,6.4652e-7
logVm_pop,-2.0268e-5,0.00014672,-0.00020113,0.0010441,0.00031675,-1.2392e-6,-9.4356e-5,-2.8865e-5,-8.2436e-5,5.6729e-5,5.0409e-7
logKm_pop,-2.3557e-5,4.0263e-5,-7.5842e-5,0.00031675,0.0018281,5.6978e-6,-8.3472e-5,-2.313e-5,-6.5915e-5,0.0002422,-6.2103e-7
omega_logV1,-4.6802e-6,-7.613e-6,1.1929e-6,-1.2392e-6,5.6978e-6,0.00039853,3.0932e-5,1.4608e-7,2.2846e-6,1.9883e-6,-2.8258e-7
omega_logQ,-0.00011841,0.00039541,0.00039219,-9.4356e-5,-8.3472e-5,3.0932e-5,0.0040486,-0.00010458,7.5243e-5,2.1974e-5,-5.2209e-6
omega_logV2,3.7056e-5,-0.00018279,-5.8309e-5,-2.8865e-5,-2.313e-5,1.4608e-7,-0.00010458,0.0010656,1.179e-6,3.4732e-5,-2.4579e-6
omega_logVm,1.0031e-5,-6.2683e-5,9.5105e-5,-8.2436e-5,-6.5915e-5,2.2846e-6,7.5243e-5,1.179e-6,0.00061795,1.617e-5,-4.7205e-7
omega_logKm,-1.2596e-6,-3.2129e-5,7.7107e-5,5.6729e-5,0.0002422,1.9883e-6,2.1974e-5,3.4732e-5,1.617e-5,0.0012227,-1.5385e-6
b,1.251e-6,1.7995e-6,6.4652e-7,5.0409e-7,-6.2103e-7,-2.8258e-7,-5.2209e-6,-2.4579e-6,-4.7205e-7,-1.5385e-6,3.3445e-6
