logka_pop,1,0.25648,-0.12795,0.072183,0.051007,0.089136,-0.024283
logV_pop,0.25648,1,-0.074504,0.0059103,-0.011682,0.13945,0.024396
logCl_pop,-0.12795,-0.074504,1,0.01868,-0.11472,-0.12068,0.050204
omega_logka,0.072183,0.0059103,0.01868,1,-0.0082211,-0.0093161,-0.32591
omega_logV,0.051007,-0.011682,-0.11472,-0.0082211,1,-0.022609,-0.10349
omega_logCl,0.089136,0.13945,-0.12068,-0.0093161,-0.022609,1,-0.067158
b,-0.024283,0.024396,0.050204,-0.32591,-0.10349,-0.067158,1
