logka_pop,0.0032561,0.00053668,-0.00022818,0.00029288,8.5097e-5,0.0001286,-1.1192e-5
logV_pop,0.00053668,0.0013447,-8.5382e-5,1.5411e-5,-1.2525e-5,0.00012929,7.2261e-6
logCl_pop,-0.00022818,-8.5382e-5,0.00097663,4.1508e-5,-0.00010482,-9.5348e-5,1.2673e-5
omega_logka,0.00029288,1.5411e-5,4.1508e-5,0.0050559,-1.7091e-5,-1.6748e-5,-0.00018718
omega_logV,8.5097e-5,-1.2525e-5,-0.00010482,-1.7091e-5,0.00085483,-1.6713e-5,-2.444e-5
omega_logCl,0.0001286,0.00012929,-9.5348e-5,-1.6748e-5,-1.6713e-5,0.00063922,-1.3715e-5
b,-1.1192e-5,7.2261e-6,1.2673e-5,-0.00018718,-2.444e-5,-1.3715e-5,6.5242e-5
