logka_pop,1,0.35149,-0.20994,-0.31528,0.065689,0.06171,0.10603
logV_pop,0.35149,1,-0.14915,-0.24386,-0.00038193,0.16012,0.09687
logCl_pop,-0.20994,-0.14915,1,0.073503,-0.14952,-0.16306,0.081796
omega_logka,-0.31528,-0.24386,0.073503,1,0.098806,-0.075375,-0.12309
omega_logV,0.065689,-0.00038193,-0.14952,0.098806,1,-0.028829,-0.13574
omega_logCl,0.06171,0.16012,-0.16306,-0.075375,-0.028829,1,-0.10632
b,0.10603,0.09687,0.081796,-0.12309,-0.13574,-0.10632,1
