logka_pop,0.0077413,0.0010729,-0.00058493,-0.0021172,0.00015716,0.00013947,8.181e-5
logV_pop,0.0010729,0.0012035,-0.00016385,-0.0006457,-3.6029e-7,0.00014269,2.9469e-5
logCl_pop,-0.00058493,-0.00016385,0.0010028,0.00017766,-0.00012875,-0.00013264,2.2714e-5
omega_logka,-0.0021172,-0.0006457,0.00017766,0.0058256,0.00020507,-0.00014778,-8.2388e-5
omega_logV,0.00015716,-3.6029e-7,-0.00012875,0.00020507,0.00073945,-2.0138e-5,-3.2368e-5
omega_logCl,0.00013947,0.00014269,-0.00013264,-0.00014778,-2.0138e-5,0.00065987,-2.3951e-5
b,8.181e-5,2.9469e-5,2.2714e-5,-8.2388e-5,-3.2368e-5,-2.3951e-5,7.6899e-5
