logka_pop,1,0.095353,-0.14533,0.83169,-0.0017289,-0.043,-0.10289
logV_pop,0.095353,1,-0.1005,-0.0088727,0.018139,0.084698,0.085516
logCl_pop,-0.14533,-0.1005,1,-0.066999,-0.14199,-0.11843,0.074809
omega_logka,0.83169,-0.0088727,-0.066999,1,-0.034596,-0.036118,-0.2206
omega_logV,-0.0017289,0.018139,-0.14199,-0.034596,1,-0.048792,-0.10466
omega_logCl,-0.043,0.084698,-0.11843,-0.036118,-0.048792,1,-0.054633
b,-0.10289,0.085516,0.074809,-0.2206,-0.10466,-0.054633,1
