logka_pop,1,0.037617,-0.030162,-0.030907,0.012947,0.0018483,0.015286,0.01324,0.0080296
logV_pop,0.037617,1,-0.026516,-0.025484,-0.00088326,-0.0091225,0.012716,0.0071525,0.022819
logVm_pop,-0.030162,-0.026516,1,0.13215,-0.0027646,-0.0019441,-0.013482,0.028255,0.0087582
logKm_pop,-0.030907,-0.025484,0.13215,1,-0.0099824,0.0058858,-0.019729,0.10136,0.00048597
omega_logka,0.012947,-0.00088326,-0.0027646,-0.0099824,1,-0.0087348,-0.003693,-0.0087606,-0.018645
omega_logV,0.0018483,-0.0091225,-0.0019441,0.0058858,-0.0087348,1,0.0023999,-0.0041541,0.00010774
omega_logVm,0.015286,0.012716,-0.013482,-0.019729,-0.003693,0.0023999,1,-0.0014202,-0.0032375
omega_logKm,0.01324,0.0071525,0.028255,0.10136,-0.0087606,-0.0041541,-0.0014202,1,-0.012119
b,0.0080296,0.022819,0.0087582,0.00048597,-0.018645,0.00010774,-0.0032375,-0.012119,1
