logka_pop,0.00097082,3.1163e-5,-2.638e-5,-3.3473e-5,9.3659e-6,1.0925e-6,9.5913e-6,1.1978e-5,4.4481e-7
logV_pop,3.1163e-5,0.00070691,-1.9789e-5,-2.3552e-5,-5.4525e-7,-4.6011e-6,6.8084e-6,5.5216e-6,1.0787e-6
logVm_pop,-2.638e-5,-1.9789e-5,0.00078794,0.00012894,-1.8018e-6,-1.0352e-6,-7.621e-6,2.3028e-5,4.3709e-7
logKm_pop,-3.3473e-5,-2.3552e-5,0.00012894,0.0012082,-8.0561e-6,3.8809e-6,-1.381e-5,0.00010229,3.0032e-8
omega_logka,9.3659e-6,-5.4525e-7,-1.8018e-6,-8.0561e-6,0.00053907,-3.8472e-6,-1.7267e-6,-5.9057e-6,-7.6965e-7
omega_logV,1.0925e-6,-4.6011e-6,-1.0352e-6,3.8809e-6,-3.8472e-6,0.00035985,9.1677e-7,-2.288e-6,3.6338e-9
omega_logVm,9.5913e-6,6.8084e-6,-7.621e-6,-1.381e-5,-1.7267e-6,9.1677e-7,0.00040553,-8.3039e-7,-1.1591e-7
omega_logKm,1.1978e-5,5.5216e-6,2.3028e-5,0.00010229,-5.9057e-6,-2.288e-6,-8.3039e-7,0.00084302,-6.256e-7
b,4.4481e-7,1.0787e-6,4.3709e-7,3.0032e-8,-7.6965e-7,3.6338e-9,-1.1591e-7,-6.256e-7,3.161e-6
