logka_pop,1,0.16732,-0.14334,0.075806,0.0016298,-0.016941,0.097312
logV_pop,0.16732,1,-0.14989,-0.0026885,0.059629,0.11359,0.052771
logCl_pop,-0.14334,-0.14989,1,-0.031186,-0.15367,-0.1367,0.058081
omega_logka,0.075806,-0.0026885,-0.031186,1,0.098734,-0.093334,-0.1125
omega_logV,0.0016298,0.059629,-0.15367,0.098734,1,-0.014205,-0.12197
omega_logCl,-0.016941,0.11359,-0.1367,-0.093334,-0.014205,1,-0.09519
b,0.097312,0.052771,0.058081,-0.1125,-0.12197,-0.09519,1
