logka_pop,0.0048939,0.00036984,-0.00031713,0.00034741,3.0924e-6,-3.1398e-5,5.5296e-5
logV_pop,0.00036984,0.00099837,-0.00014978,-5.5651e-6,5.1101e-5,9.5093e-5,1.3544e-5
logCl_pop,-0.00031713,-0.00014978,0.0010002,-6.4614e-5,-0.00013181,-0.00011454,1.492e-5
omega_logka,0.00034741,-5.5651e-6,-6.4614e-5,0.0042918,0.00017544,-0.000162,-5.9866e-5
omega_logV,3.0924e-6,5.1101e-5,-0.00013181,0.00017544,0.00073563,-1.0207e-5,-2.6871e-5
omega_logCl,-3.1398e-5,9.5093e-5,-0.00011454,-0.000162,-1.0207e-5,0.00070193,-2.0485e-5
b,5.5296e-5,1.3544e-5,1.492e-5,-5.9866e-5,-2.6871e-5,-2.0485e-5,6.598e-5
