logka_pop,1,0.21711,-0.18917,-0.086862,0.066897,0.020093,0.09375
logV_pop,0.21711,1,-0.14674,-0.21091,0.020278,0.15609,0.08036
logCl_pop,-0.18917,-0.14674,1,0.11837,-0.13946,-0.14452,0.036856
omega_logka,-0.086862,-0.21091,0.11837,1,-0.13961,-0.079672,-0.10285
omega_logV,0.066897,0.020278,-0.13946,-0.13961,1,-0.016066,-0.11044
omega_logCl,0.020093,0.15609,-0.14452,-0.079672,-0.016066,1,-0.028453
b,0.09375,0.08036,0.036856,-0.10285,-0.11044,-0.028453,1
