logka_pop,0.0068273,0.00066276,-0.00057234,-0.00082639,0.00016677,4.66e-5,6.5831e-5
logV_pop,0.00066276,0.0013649,-0.00019851,-0.00089717,2.2603e-5,0.00016186,2.523e-5
logCl_pop,-0.00057234,-0.00019851,0.0013407,0.00049906,-0.00015407,-0.00014853,1.1469e-5
omega_logka,-0.00082639,-0.00089717,0.00049906,0.013258,-0.000485,-0.00025749,-0.00010064
omega_logV,0.00016677,2.2603e-5,-0.00015407,-0.000485,0.00091029,-1.3606e-5,-2.8318e-5
omega_logCl,4.66e-5,0.00016186,-0.00014853,-0.00025749,-1.3606e-5,0.00078787,-6.7871e-6
b,6.5831e-5,2.523e-5,1.1469e-5,-0.00010064,-2.8318e-5,-6.7871e-6,7.2221e-5
