logka_pop,1,0.20045,-0.22953,-0.18325,0.026754,0.093931,0.090244
logV_pop,0.20045,1,-0.13973,-0.092915,-0.00035281,0.13652,0.060825
logCl_pop,-0.22953,-0.13973,1,0.076576,-0.13945,-0.17949,0.05591
omega_logka,-0.18325,-0.092915,0.076576,1,-0.013596,-0.074455,-0.15038
omega_logV,0.026754,-0.00035281,-0.13945,-0.013596,1,-0.0032929,-0.18007
omega_logCl,0.093931,0.13652,-0.17949,-0.074455,-0.0032929,1,-0.10507
b,0.090244,0.060825,0.05591,-0.15038,-0.18007,-0.10507,1
