logka_pop,1,0.25729,-0.19881,-0.33895,-0.069831,0.13845,0.12501
logV_pop,0.25729,1,-0.16546,-0.30177,0.021488,0.16218,0.097201
logCl_pop,-0.19881,-0.16546,1,0.17973,-0.083973,-0.21142,0.037008
omega_logka,-0.33895,-0.30177,0.17973,1,0.0064918,-0.11656,-0.19296
omega_logV,-0.069831,0.021488,-0.083973,0.0064918,1,0.0025017,-0.16144
omega_logCl,0.13845,0.16218,-0.21142,-0.11656,0.0025017,1,-0.082995
b,0.12501,0.097201,0.037008,-0.19296,-0.16144,-0.082995,1
