logka_pop,0.0071424,0.00075464,-0.00060632,-0.0033758,-0.00015669,0.00033103,9.6538e-5
logV_pop,0.00075464,0.0012044,-0.00020722,-0.0012342,1.9799e-5,0.00015924,3.0825e-5
logCl_pop,-0.00060632,-0.00020722,0.0013023,0.00076434,-8.0454e-5,-0.00021585,1.2204e-5
omega_logka,-0.0033758,-0.0012342,0.00076434,0.013887,2.0311e-5,-0.00038864,-0.00020778
omega_logV,-0.00015669,1.9799e-5,-8.0454e-5,2.0311e-5,0.00070489,1.8791e-6,-3.9167e-5
omega_logCl,0.00033103,0.00015924,-0.00021585,-0.00038864,1.8791e-6,0.00080046,-2.1457e-5
b,9.6538e-5,3.0825e-5,1.2204e-5,-0.00020778,-3.9167e-5,-2.1457e-5,8.3499e-5
