logka_pop,1,0.13918,-0.13688,0.33366,-0.045431,0.088137,-0.11343
logV_pop,0.13918,1,-0.22599,-0.32921,0.17337,0.17731,0.17758
logCl_pop,-0.13688,-0.22599,1,0.20473,-0.17416,-0.20145,-0.039881
omega_logka,0.33366,-0.32921,0.20473,1,-0.27354,-0.056581,-0.48121
omega_logV,-0.045431,0.17337,-0.17416,-0.27354,1,0.048003,0.015536
omega_logCl,0.088137,0.17731,-0.20145,-0.056581,0.048003,1,-0.060795
b,-0.11343,0.17758,-0.039881,-0.48121,0.015536,-0.060795,1
