logka_pop,0.0085109,0.00048619,-0.00045078,0.0071291,-0.00011963,0.00022025,-0.0001058
logV_pop,0.00048619,0.0014338,-0.00030548,-0.0028871,0.00018738,0.00018187,6.7982e-5
logCl_pop,-0.00045078,-0.00030548,0.0012744,0.0016927,-0.00017746,-0.0001948,-1.4394e-5
omega_logka,0.0071291,-0.0028871,0.0016927,0.05364,-0.0018083,-0.00035497,-0.0011268
omega_logV,-0.00011963,0.00018738,-0.00017746,-0.0018083,0.00081472,3.7115e-5,4.4835e-6
omega_logCl,0.00022025,0.00018187,-0.0001948,-0.00035497,3.7115e-5,0.00073375,-1.665e-5
b,-0.0001058,6.7982e-5,-1.4394e-5,-0.0011268,4.4835e-6,-1.665e-5,0.00010222
