logka_pop,1,0.1768,-0.17842,-0.41404,-0.032183,0.1483,0.13446
logV_pop,0.1768,1,-0.12422,-0.18233,-0.031678,0.1367,0.074222
logCl_pop,-0.17842,-0.12422,1,0.040243,-0.1112,-0.14262,0.059572
omega_logka,-0.41404,-0.18233,0.040243,1,0.14043,-0.19796,-0.25721
omega_logV,-0.032183,-0.031678,-0.1112,0.14043,1,-0.14662,-0.088264
omega_logCl,0.1483,0.1367,-0.14262,-0.19796,-0.14662,1,-0.056248
b,0.13446,0.074222,0.059572,-0.25721,-0.088264,-0.056248,1
