logka_pop,0.0058557,0.00051942,-0.00042139,-0.0041695,-7.5564e-5,0.00029391,9.0456e-5
logV_pop,0.00051942,0.0014739,-0.00014719,-0.00092116,-3.7315e-5,0.00013592,2.505e-5
logCl_pop,-0.00042139,-0.00014719,0.00095258,0.00016346,-0.0001053,-0.000114,1.6164e-5
omega_logka,-0.0041695,-0.00092116,0.00016346,0.017318,0.00056704,-0.00067468,-0.00029756
omega_logV,-7.5564e-5,-3.7315e-5,-0.0001053,0.00056704,0.00094142,-0.00011651,-2.3808e-5
omega_logCl,0.00029391,0.00013592,-0.000114,-0.00067468,-0.00011651,0.00067074,-1.2806e-5
b,9.0456e-5,2.505e-5,1.6164e-5,-0.00029756,-2.3808e-5,-1.2806e-5,7.7285e-5
