logka_pop,1,0.17845,-0.14015,0.24634,0.017431,0.021396,0.035461
logV_pop,0.17845,1,-0.14641,-0.05703,-0.0044089,0.1297,0.061534
logCl_pop,-0.14015,-0.14641,1,0.060677,-0.16644,-0.14133,0.044636
omega_logka,0.24634,-0.05703,0.060677,1,-0.037969,-0.11496,-0.072397
omega_logV,0.017431,-0.0044089,-0.16644,-0.037969,1,-0.064266,-0.10009
omega_logCl,0.021396,0.1297,-0.14133,-0.11496,-0.064266,1,-0.063292
b,0.035461,0.061534,0.044636,-0.072397,-0.10009,-0.063292,1
