logka_pop,0.0053121,0.00051003,-0.00034492,0.0011953,4.2543e-5,4.0628e-5,2.3335e-5
logV_pop,0.00051003,0.0015377,-0.00019387,-0.00014888,-5.7895e-6,0.00013251,2.1786e-5
logCl_pop,-0.00034492,-0.00019387,0.0011402,0.0001364,-0.00018819,-0.00012433,1.3608e-5
omega_logka,0.0011953,-0.00014888,0.0001364,0.0044319,-8.4644e-5,-0.00019939,-4.3515e-5
omega_logV,4.2543e-5,-5.7895e-6,-0.00018819,-8.4644e-5,0.0011213,-5.6067e-5,-3.0262e-5
omega_logCl,4.0628e-5,0.00013251,-0.00012433,-0.00019939,-5.6067e-5,0.00067876,-1.4888e-5
b,2.3335e-5,2.1786e-5,1.3608e-5,-4.3515e-5,-3.0262e-5,-1.4888e-5,8.1517e-5
