logka_pop,1,0.25511,-0.2126,0.098974,0.061807,0.080585,0.072913
logV_pop,0.25511,1,-0.13317,-0.024907,0.026122,0.15244,0.051875
logCl_pop,-0.2126,-0.13317,1,0.040537,-0.13734,-0.15524,0.049618
omega_logka,0.098974,-0.024907,0.040537,1,-0.064618,-0.051404,-0.060889
omega_logV,0.061807,0.026122,-0.13734,-0.064618,1,0.026564,-0.10037
omega_logCl,0.080585,0.15244,-0.15524,-0.051404,0.026564,1,-0.056639
b,0.072913,0.051875,0.049618,-0.060889,-0.10037,-0.056639,1
