logka_pop,0.0072727,0.00078916,-0.00062694,0.00079617,0.00015142,0.00018624,4.7972e-5
logV_pop,0.00078916,0.0013158,-0.00016704,-8.5222e-5,2.722e-5,0.00014985,1.4517e-5
logCl_pop,-0.00062694,-0.00016704,0.0011957,0.00013222,-0.00013643,-0.00014547,1.3237e-5
omega_logka,0.00079617,-8.5222e-5,0.00013222,0.0088977,-0.0001751,-0.00013141,-4.431e-5
omega_logV,0.00015142,2.722e-5,-0.00013643,-0.0001751,0.00082527,2.068e-5,-2.2246e-5
omega_logCl,0.00018624,0.00014985,-0.00014547,-0.00013141,2.068e-5,0.00073443,-1.1842e-5
b,4.7972e-5,1.4517e-5,1.3237e-5,-4.431e-5,-2.2246e-5,-1.1842e-5,5.952e-5
