logka_pop,1,0.17902,-0.19803,0.31281,0.013661,0.098216,-0.0077977
logV_pop,0.17902,1,-0.14334,-0.019616,0.018999,0.12909,0.034179
logCl_pop,-0.19803,-0.14334,1,0.033351,-0.099156,-0.20122,0.047549
omega_logka,0.31281,-0.019616,0.033351,1,-0.067212,-0.012878,-0.077388
omega_logV,0.013661,0.018999,-0.099156,-0.067212,1,-0.0063045,-0.10464
omega_logCl,0.098216,0.12909,-0.20122,-0.012878,-0.0063045,1,-0.072903
b,-0.0077977,0.034179,0.047549,-0.077388,-0.10464,-0.072903,1
