logka_pop,1,0.052333,-0.21583,0.59449,0.12025,-0.065691,-0.062131
logV_pop,0.052333,1,-0.14763,-0.17825,0.090053,0.099599,0.088997
logCl_pop,-0.21583,-0.14763,1,-0.0052151,-0.18736,-0.080906,0.033769
omega_logka,0.59449,-0.17825,-0.0052151,1,0.040793,-0.11386,-0.18861
omega_logV,0.12025,0.090053,-0.18736,0.040793,1,0.022654,-0.15257
omega_logCl,-0.065691,0.099599,-0.080906,-0.11386,0.022654,1,-0.052874
b,-0.062131,0.088997,0.033769,-0.18861,-0.15257,-0.052874,1
