logka_pop,0.019392,0.00025745,-0.00092729,0.011416,0.00050924,-0.0002117,-6.7459e-5
logV_pop,0.00025745,0.001248,-0.0001609,-0.00086832,9.6742e-5,8.1424e-5,2.4513e-5
logCl_pop,-0.00092729,-0.0001609,0.00095188,-2.2187e-5,-0.00017579,-5.7765e-5,8.1234e-6
omega_logka,0.011416,-0.00086832,-2.2187e-5,0.019015,0.00017106,-0.00036335,-0.00020278
omega_logV,0.00050924,9.6742e-5,-0.00017579,0.00017106,0.00092478,1.5943e-5,-3.6175e-5
omega_logCl,-0.0002117,8.1424e-5,-5.7765e-5,-0.00036335,1.5943e-5,0.00053554,-9.5403e-6
b,-6.7459e-5,2.4513e-5,8.1234e-6,-0.00020278,-3.6175e-5,-9.5403e-6,6.0792e-5
