logka_pop,1,0.28389,-0.21441,-0.29359,-0.039124,0.1306,0.08917
logV_pop,0.28389,1,-0.1175,-0.16872,-0.0085363,0.13315,0.070457
logCl_pop,-0.21441,-0.1175,1,0.068308,-0.10292,-0.16009,0.062726
omega_logka,-0.29359,-0.16872,0.068308,1,0.015952,-0.11105,-0.17697
omega_logV,-0.039124,-0.0085363,-0.10292,0.015952,1,0.011042,-0.10634
omega_logCl,0.1306,0.13315,-0.16009,-0.11105,0.011042,1,-0.063183
b,0.08917,0.070457,0.062726,-0.17697,-0.10634,-0.063183,1
