logka_pop,0.0049362,0.00076487,-0.00042357,-0.0015453,-7.9389e-5,0.00020573,5.5329e-5
logV_pop,0.00076487,0.0014706,-0.0001267,-0.00048472,-9.4542e-6,0.00011448,2.3862e-5
logCl_pop,-0.00042357,-0.0001267,0.00079059,0.00014389,-8.3576e-5,-0.00010092,1.5576e-5
omega_logka,-0.0015453,-0.00048472,0.00014389,0.0056125,3.4516e-5,-0.00018653,-0.00011709
omega_logV,-7.9389e-5,-9.4542e-6,-8.3576e-5,3.4516e-5,0.00083413,7.1504e-6,-2.7124e-5
omega_logCl,0.00020573,0.00011448,-0.00010092,-0.00018653,7.1504e-6,0.00050269,-1.2511e-5
b,5.5329e-5,2.3862e-5,1.5576e-5,-0.00011709,-2.7124e-5,-1.2511e-5,7.7997e-5
