logka_pop,1,0.21118,-0.18376,0.20881,0.025656,0.04807,0.049884
logV_pop,0.21118,1,-0.18649,-0.16173,0.096463,0.12497,0.098162
logCl_pop,-0.18376,-0.18649,1,0.13459,-0.1143,-0.14083,-0.011225
omega_logka,0.20881,-0.16173,0.13459,1,-0.10094,-0.060026,-0.13569
omega_logV,0.025656,0.096463,-0.1143,-0.10094,1,-0.054976,-0.080633
omega_logCl,0.04807,0.12497,-0.14083,-0.060026,-0.054976,1,-0.055258
b,0.049884,0.098162,-0.011225,-0.13569,-0.080633,-0.055258,1
