logka_pop,0.010194,0.00077897,-0.00068802,0.0025479,7.4319e-5,0.00014334,4.376e-5
logV_pop,0.00077897,0.0013347,-0.00025265,-0.00071404,0.00010111,0.00013483,3.1159e-5
logCl_pop,-0.00068802,-0.00025265,0.0013752,0.0006032,-0.00012161,-0.00015424,-3.6167e-6
omega_logka,0.0025479,-0.00071404,0.0006032,0.014605,-0.00034999,-0.00021424,-0.00014248
omega_logV,7.4319e-5,0.00010111,-0.00012161,-0.00034999,0.00082317,-4.6584e-5,-2.01e-5
omega_logCl,0.00014334,0.00013483,-0.00015424,-0.00021424,-4.6584e-5,0.00087224,-1.418e-5
b,4.376e-5,3.1159e-5,-3.6167e-6,-0.00014248,-2.01e-5,-1.418e-5,7.5491e-5
