logka_pop,1,0.19465,-0.18448,0.17162,0.032551,0.012222,0.055277
logV_pop,0.19465,1,-0.14758,-0.085571,0.030701,0.11698,0.081386
logCl_pop,-0.18448,-0.14758,1,0.022326,-0.11095,-0.18706,0.046026
omega_logka,0.17162,-0.085571,0.022326,1,0.078961,-0.027712,-0.1855
omega_logV,0.032551,0.030701,-0.11095,0.078961,1,-0.010269,-0.12063
omega_logCl,0.012222,0.11698,-0.18706,-0.027712,-0.010269,1,-0.080182
b,0.055277,0.081386,0.046026,-0.1855,-0.12063,-0.080182,1
