logka_pop,1,0.13549,-0.15707,0.35085,-0.04724,-0.011396,0.031837
logV_pop,0.13549,1,-0.13609,-0.079211,-0.016863,0.12754,0.070346
logCl_pop,-0.15707,-0.13609,1,0.076852,-0.13473,-0.1652,0.072038
omega_logka,0.35085,-0.079211,0.076852,1,-0.047459,-0.13424,-0.06233
omega_logV,-0.04724,-0.016863,-0.13473,-0.047459,1,0.014577,-0.15839
omega_logCl,-0.011396,0.12754,-0.1652,-0.13424,0.014577,1,-0.10474
b,0.031837,0.070346,0.072038,-0.06233,-0.15839,-0.10474,1
