logka_pop,0.010513,0.00048962,-0.00048821,0.0036954,-0.00013621,-2.8059e-5,2.7107e-5
logV_pop,0.00048962,0.0012422,-0.0001454,-0.00028678,-1.6713e-5,0.00010794,2.0589e-5
logCl_pop,-0.00048821,-0.0001454,0.00091898,0.00023932,-0.00011486,-0.00012026,1.8135e-5
omega_logka,0.0036954,-0.00028678,0.00023932,0.010552,-0.0001371,-0.00033115,-5.3172e-5
omega_logV,-0.00013621,-1.6713e-5,-0.00011486,-0.0001371,0.00079086,9.8442e-6,-3.6989e-5
omega_logCl,-2.8059e-5,0.00010794,-0.00012026,-0.00033115,9.8442e-6,0.00057665,-2.0887e-5
b,2.7107e-5,2.0589e-5,1.8135e-5,-5.3172e-5,-3.6989e-5,-2.0887e-5,6.8963e-5
