logka_pop,1,0.20677,-0.23763,0.42394,-0.054566,0.088105,0.017221
logV_pop,0.20677,1,-0.15927,-0.031194,0.014096,0.10639,0.071061
logCl_pop,-0.23763,-0.15927,1,-0.063546,-0.102,-0.16498,0.056943
omega_logka,0.42394,-0.031194,-0.063546,1,-0.098237,0.11395,-0.096618
omega_logV,-0.054566,0.014096,-0.102,-0.098237,1,-0.035827,-0.11028
omega_logCl,0.088105,0.10639,-0.16498,0.11395,-0.035827,1,-0.084934
b,0.017221,0.071061,0.056943,-0.096618,-0.11028,-0.084934,1
