logka_pop,0.010795,0.00073762,-0.0009022,0.0053465,-0.00015489,0.00025777,1.4256e-5
logV_pop,0.00073762,0.0011788,-0.00019983,-0.00013,1.3222e-5,0.00010286,1.9439e-5
logCl_pop,-0.0009022,-0.00019983,0.0013353,-0.00028186,-0.00010183,-0.00016977,1.6579e-5
omega_logka,0.0053465,-0.00013,-0.00028186,0.014734,-0.00032577,0.00038947,-9.3438e-5
omega_logV,-0.00015489,1.3222e-5,-0.00010183,-0.00032577,0.00074637,-2.7562e-5,-2.4004e-5
omega_logCl,0.00025777,0.00010286,-0.00016977,0.00038947,-2.7562e-5,0.00079293,-1.9055e-5
b,1.4256e-5,1.9439e-5,1.6579e-5,-9.3438e-5,-2.4004e-5,-1.9055e-5,6.3478e-5
