logka_pop,0.0033983,0.00053736,-0.00033173,0.00012518,-3.8332e-5,0.00010175,2.9186e-5
logV_pop,0.00053736,0.001654,-0.00027385,-0.0039706,-0.00013884,0.00032378,7.0536e-5
logCl_pop,-0.00033173,-0.00027385,0.0013257,0.0017902,-6.9756e-5,-0.00023605,-8.3452e-6
omega_logka,0.00012518,-0.0039706,0.0017902,0.050565,0.0015029,-0.0023664,-0.00072822
omega_logV,-3.8332e-5,-0.00013884,-6.9756e-5,0.0015029,0.00094601,-0.00010222,-6.7132e-5
omega_logCl,0.00010175,0.00032378,-0.00023605,-0.0023664,-0.00010222,0.00091345,2.1113e-5
b,2.9186e-5,7.0536e-5,-8.3452e-6,-0.00072822,-6.7132e-5,2.1113e-5,7.9285e-5
