logka_pop,1,0.228,-0.16175,0.22412,0.038781,0.0060334,-0.0077347
logV_pop,0.228,1,-0.095656,0.044643,-0.033487,0.12135,0.03548
logCl_pop,-0.16175,-0.095656,1,0.024229,-0.21472,-0.045286,0.070866
omega_logka,0.22412,0.044643,0.024229,1,-0.068082,0.0024584,-0.10447
omega_logV,0.038781,-0.033487,-0.21472,-0.068082,1,-0.151,-0.148
omega_logCl,0.0060334,0.12135,-0.045286,0.0024584,-0.151,1,-0.038363
b,-0.0077347,0.03548,0.070866,-0.10447,-0.148,-0.038363,1
