logka_pop,0.0049025,0.0005565,-0.00041093,0.0012382,9.1857e-5,1.1885e-5,-4.661e-6
logV_pop,0.0005565,0.0012151,-0.00012098,0.00012279,-3.9488e-5,0.000119,1.0644e-5
logCl_pop,-0.00041093,-0.00012098,0.0013165,6.9366e-5,-0.00026355,-4.6225e-5,2.2129e-5
omega_logka,0.0012382,0.00012279,6.9366e-5,0.006226,-0.00018173,5.4572e-6,-7.0946e-5
omega_logV,9.1857e-5,-3.9488e-5,-0.00026355,-0.00018173,0.0011444,-0.0001437,-4.3089e-5
omega_logCl,1.1885e-5,0.000119,-4.6225e-5,5.4572e-6,-0.0001437,0.00079145,-9.2886e-6
b,-4.661e-6,1.0644e-5,2.2129e-5,-7.0946e-5,-4.3089e-5,-9.2886e-6,7.4072e-5
