logka_pop,1,0.23765,-0.17308,-0.11505,-0.12711,0.061981,0.12934
logV_pop,0.23765,1,-0.1477,-0.15208,-0.055959,0.12121,0.096415
logCl_pop,-0.17308,-0.1477,1,0.16302,-0.14504,-0.21602,0.087353
omega_logka,-0.11505,-0.15208,0.16302,1,-0.083744,-0.076437,-0.056363
omega_logV,-0.12711,-0.055959,-0.14504,-0.083744,1,-0.026441,-0.17349
omega_logCl,0.061981,0.12121,-0.21602,-0.076437,-0.026441,1,-0.12768
b,0.12934,0.096415,0.087353,-0.056363,-0.17349,-0.12768,1
