logka_pop,0.0062323,0.00067634,-0.0004027,-0.00064802,-0.00029441,0.00012493,9.1624e-5
logV_pop,0.00067634,0.0012996,-0.00015692,-0.00039115,-5.9185e-5,0.00011156,3.1188e-5
logCl_pop,-0.0004027,-0.00015692,0.00086864,0.0003428,-0.00012542,-0.00016255,2.3101e-5
omega_logka,-0.00064802,-0.00039115,0.0003428,0.0050904,-0.0001753,-0.00013924,-3.6084e-5
omega_logV,-0.00029441,-5.9185e-5,-0.00012542,-0.0001753,0.00086077,-1.9806e-5,-4.5673e-5
omega_logCl,0.00012493,0.00011156,-0.00016255,-0.00013924,-1.9806e-5,0.00065186,-2.9251e-5
b,9.1624e-5,3.1188e-5,2.3101e-5,-3.6084e-5,-4.5673e-5,-2.9251e-5,8.0516e-5
