logka_pop,0.0089205,0.00045673,-0.00048675,0.0045374,-0.00014345,5.8565e-5,1.1868e-7
logV_pop,0.00045673,0.0013197,-0.00014436,-0.00027557,-3.8473e-5,0.00013783,2.8166e-5
logCl_pop,-0.00048675,-0.00014436,0.0010701,0.00017262,-9.8969e-5,-0.0001704,7.78e-6
omega_logka,0.0045374,-0.00027557,0.00017262,0.011385,-0.00048474,-0.00021858,-0.00012499
omega_logV,-0.00014345,-3.8473e-5,-9.8969e-5,-0.00048474,0.00086918,-2.0026e-5,-1.4023e-5
omega_logCl,5.8565e-5,0.00013783,-0.0001704,-0.00021858,-2.0026e-5,0.00066777,-8.1271e-6
b,1.1868e-7,2.8166e-5,7.78e-6,-0.00012499,-1.4023e-5,-8.1271e-6,6.7613e-5
