logka_pop,1,0.21191,-0.17575,0.17315,-0.062154,0.10171,0.067314
logV_pop,0.21191,1,-0.17633,-0.082973,0.027936,0.1749,0.055614
logCl_pop,-0.17575,-0.17633,1,0.098687,-0.19123,-0.25815,0.11973
omega_logka,0.17315,-0.082973,0.098687,1,-0.19238,-0.073604,-0.045544
omega_logV,-0.062154,0.027936,-0.19123,-0.19238,1,0.023457,-0.17014
omega_logCl,0.10171,0.1749,-0.25815,-0.073604,0.023457,1,-0.11563
b,0.067314,0.055614,0.11973,-0.045544,-0.17014,-0.11563,1
