logka_pop,0.00687,0.00062132,-0.00047365,0.00103,-0.0001586,0.00021431,4.9379e-5
logV_pop,0.00062132,0.0012513,-0.00020282,-0.00021065,3.0424e-5,0.00015728,1.7411e-5
logCl_pop,-0.00047365,-0.00020282,0.0010573,0.00023029,-0.00019143,-0.00021338,3.4457e-5
omega_logka,0.00103,-0.00021065,0.00023029,0.0051506,-0.00042506,-0.00013429,-2.8928e-5
omega_logV,-0.0001586,3.0424e-5,-0.00019143,-0.00042506,0.00094785,1.8358e-5,-4.636e-5
omega_logCl,0.00021431,0.00015728,-0.00021338,-0.00013429,1.8358e-5,0.00064623,-2.6015e-5
b,4.9379e-5,1.7411e-5,3.4457e-5,-2.8928e-5,-4.636e-5,-2.6015e-5,7.8331e-5
