logka_pop,1,0.23928,-0.16886,0.073937,-0.0023269,0.10692,0.10852
logV_pop,0.23928,1,-0.16502,-0.14221,0.011623,0.2167,0.079519
logCl_pop,-0.16886,-0.16502,1,0.011967,-0.1359,-0.18932,0.061059
omega_logka,0.073937,-0.14221,0.011967,1,0.22707,-0.06769,-0.26647
omega_logV,-0.0023269,0.011623,-0.1359,0.22707,1,0.018395,-0.27565
omega_logCl,0.10692,0.2167,-0.18932,-0.06769,0.018395,1,-0.070884
b,0.10852,0.079519,0.061059,-0.26647,-0.27565,-0.070884,1
