logka_pop,1,0.22318,-0.16817,0.33688,0.027205,0.051829,-0.016986
logV_pop,0.22318,1,-0.099046,-0.020582,-0.028068,0.090457,0.08215
logCl_pop,-0.16817,-0.099046,1,0.020609,-0.13815,-0.077359,0.054319
omega_logka,0.33688,-0.020582,0.020609,1,0.12794,-0.058229,-0.22794
omega_logV,0.027205,-0.028068,-0.13815,0.12794,1,-0.072461,-0.18273
omega_logCl,0.051829,0.090457,-0.077359,-0.058229,-0.072461,1,-0.051014
b,-0.016986,0.08215,0.054319,-0.22794,-0.18273,-0.051014,1
