logka_pop,0.0067955,0.00063833,-0.00040839,0.0030435,6.2074e-5,9.4243e-5,-1.2202e-5
logV_pop,0.00063833,0.0012038,-0.00010124,-7.8264e-5,-2.6954e-5,6.9229e-5,2.4838e-5
logCl_pop,-0.00040839,-0.00010124,0.00086785,6.6537e-5,-0.00011265,-5.0268e-5,1.3945e-5
omega_logka,0.0030435,-7.8264e-5,6.6537e-5,0.012011,0.00038808,-0.00014076,-0.00021768
omega_logV,6.2074e-5,-2.6954e-5,-0.00011265,0.00038808,0.0007661,-4.424e-5,-4.4073e-5
omega_logCl,9.4243e-5,6.9229e-5,-5.0268e-5,-0.00014076,-4.424e-5,0.00048655,-9.8059e-6
b,-1.2202e-5,2.4838e-5,1.3945e-5,-0.00021768,-4.4073e-5,-9.8059e-6,7.5938e-5
