logka_pop,1,0.25254,-0.16342,-0.41736,0.060583,0.089337,0.03722
logV_pop,0.25254,1,-0.13626,-0.20446,0.028306,0.14524,0.062828
logCl_pop,-0.16342,-0.13626,1,0.11924,-0.16873,-0.16632,0.10885
omega_logka,-0.41736,-0.20446,0.11924,1,-0.077161,-0.093151,-0.040485
omega_logV,0.060583,0.028306,-0.16873,-0.077161,1,-0.063902,-0.19469
omega_logCl,0.089337,0.14524,-0.16632,-0.093151,-0.063902,1,-0.068016
b,0.03722,0.062828,0.10885,-0.040485,-0.19469,-0.068016,1
