logka_pop,0.0048767,0.00062676,-0.00041937,-0.001764,0.00012522,0.00018843,2.2962e-5
logV_pop,0.00062676,0.001263,-0.00017795,-0.00043978,2.9774e-5,0.0001559,1.9725e-5
logCl_pop,-0.00041937,-0.00017795,0.0013504,0.00026521,-0.00018352,-0.00018459,3.5334e-5
omega_logka,-0.001764,-0.00043978,0.00026521,0.003663,-0.00013822,-0.00017027,-2.1645e-5
omega_logV,0.00012522,2.9774e-5,-0.00018352,-0.00013822,0.00087601,-5.7124e-5,-5.0905e-5
omega_logCl,0.00018843,0.0001559,-0.00018459,-0.00017027,-5.7124e-5,0.00091221,-1.8148e-5
b,2.2962e-5,1.9725e-5,3.5334e-5,-2.1645e-5,-5.0905e-5,-1.8148e-5,7.804e-5
