logka_pop,1,0.18507,-0.14001,0.051214,-0.068577,0.04529,0.03115
logV_pop,0.18507,1,-0.14787,-0.088073,0.057934,0.21949,-0.0072327
logCl_pop,-0.14001,-0.14787,1,0.10055,-0.1458,-0.25166,0.11289
omega_logka,0.051214,-0.088073,0.10055,1,-0.024492,-0.088381,-0.045603
omega_logV,-0.068577,0.057934,-0.1458,-0.024492,1,0.040793,-0.17117
omega_logCl,0.04529,0.21949,-0.25166,-0.088381,0.040793,1,-0.10537
b,0.03115,-0.0072327,0.11289,-0.045603,-0.17117,-0.10537,1
