logka_pop,0.0048087,0.00047164,-0.00033579,0.00022279,-0.00014226,9.2874e-5,1.9798e-5
logV_pop,0.00047164,0.0013506,-0.00018795,-0.00020305,6.3693e-5,0.00023854,-2.4363e-6
logCl_pop,-0.00033579,-0.00018795,0.0011962,0.00021817,-0.00015085,-0.00025739,3.5786e-5
omega_logka,0.00022279,-0.00020305,0.00021817,0.0039353,-4.5963e-5,-0.00016396,-2.6221e-5
omega_logV,-0.00014226,6.3693e-5,-0.00015085,-4.5963e-5,0.00089494,3.6088e-5,-4.6934e-5
omega_logCl,9.2874e-5,0.00023854,-0.00025739,-0.00016396,3.6088e-5,0.0008745,-2.8561e-5
b,1.9798e-5,-2.4363e-6,3.5786e-5,-2.6221e-5,-4.6934e-5,-2.8561e-5,8.4009e-5
