logka_pop,0.01168,0.00067557,-0.00071817,0.0063704,-0.00042188,0.00041014,1.9484e-5
logV_pop,0.00067557,0.0014045,-0.00024015,-0.00057663,0.00012473,0.00020649,7.3508e-6
logCl_pop,-0.00071817,-0.00024015,0.0011496,0.00018786,-0.0001562,-0.000252,2.6706e-5
omega_logka,0.0063704,-0.00057663,0.00018786,0.015543,-0.00089779,-0.00016236,-0.0001454
omega_logV,-0.00042188,0.00012473,-0.0001562,-0.00089779,0.00094607,-4.949e-5,-2.5824e-5
omega_logCl,0.00041014,0.00020649,-0.000252,-0.00016236,-4.949e-5,0.00083436,-2.9325e-5
b,1.9484e-5,7.3508e-6,2.6706e-5,-0.0001454,-2.5824e-5,-2.9325e-5,7.9564e-5
