logka_pop,1,0.077516,-0.14549,0.63119,-0.030628,-0.0041471,0.054353
logV_pop,0.077516,1,-0.16869,-0.18745,-0.010952,0.16918,0.11088
logCl_pop,-0.14549,-0.16869,1,0.072733,-0.13094,-0.19636,0.024905
omega_logka,0.63119,-0.18745,0.072733,1,-0.072949,-0.14033,-0.072921
omega_logV,-0.030628,-0.010952,-0.13094,-0.072949,1,0.017961,-0.14173
omega_logCl,-0.0041471,0.16918,-0.19636,-0.14033,0.017961,1,-0.068393
b,0.054353,0.11088,0.024905,-0.072921,-0.14173,-0.068393,1
