logka_pop,1,0.20724,-0.1909,0.27341,-0.014223,0.076496,-0.019199
logV_pop,0.20724,1,-0.1588,-0.021869,0.018361,0.13624,0.057374
logCl_pop,-0.1909,-0.1588,1,0.020641,-0.12867,-0.19067,0.083345
omega_logka,0.27341,-0.021869,0.020641,1,-0.14717,-0.0063435,-0.099448
omega_logV,-0.014223,0.018361,-0.12867,-0.14717,1,-0.030136,-0.13232
omega_logCl,0.076496,0.13624,-0.19067,-0.0063435,-0.030136,1,-0.07504
b,-0.019199,0.057374,0.083345,-0.099448,-0.13232,-0.07504,1
