logka_pop,0.0077701,0.00057974,-0.00061589,0.0018966,-3.325e-5,0.00019406,-1.4211e-5
logV_pop,0.00057974,0.0010071,-0.00018444,-5.4616e-5,1.5453e-5,0.00012444,1.5289e-5
logCl_pop,-0.00061589,-0.00018444,0.0013396,5.9452e-5,-0.0001249,-0.00020085,2.5615e-5
omega_logka,0.0018966,-5.4616e-5,5.9452e-5,0.0061932,-0.00030715,-1.4368e-5,-6.5719e-5
omega_logV,-3.325e-5,1.5453e-5,-0.0001249,-0.00030715,0.00070332,-2.3001e-5,-2.9467e-5
omega_logCl,0.00019406,0.00012444,-0.00020085,-1.4368e-5,-2.3001e-5,0.0008283,-1.8135e-5
b,-1.4211e-5,1.5289e-5,2.5615e-5,-6.5719e-5,-2.9467e-5,-1.8135e-5,7.0514e-5
