logka_pop,1,-0.2709,0.10541,0.75088,-0.50021,-0.19071,-0.18968
logV_pop,-0.2709,1,-0.19992,-0.50372,0.35409,0.19399,0.17984
logCl_pop,0.10541,-0.19992,1,0.25694,-0.24132,-0.17068,-0.027999
omega_logka,0.75088,-0.50372,0.25694,1,-0.66456,-0.23294,-0.28962
omega_logV,-0.50021,0.35409,-0.24132,-0.66456,1,0.15943,0.11331
omega_logCl,-0.19071,0.19399,-0.17068,-0.23294,0.15943,1,-0.040444
b,-0.18968,0.17984,-0.027999,-0.28962,0.11331,-0.040444,1
