logka_pop,0.0069058,-0.00094205,0.00030689,0.025123,-0.0016194,-0.00043328,-0.00013883
logV_pop,-0.00094205,0.0017512,-0.00029309,-0.0084867,0.00057726,0.00022193,6.6285e-5
logCl_pop,0.00030689,-0.00029309,0.0012273,0.0036242,-0.00032936,-0.00016347,-8.6394e-6
omega_logka,0.025123,-0.0084867,0.0036242,0.1621,-0.010424,-0.0025641,-0.001027
omega_logV,-0.0016194,0.00057726,-0.00032936,-0.010424,0.0015177,0.0001698,3.8882e-5
omega_logCl,-0.00043328,0.00022193,-0.00016347,-0.0025641,0.0001698,0.00074744,-9.7388e-6
b,-0.00013883,6.6285e-5,-8.6394e-6,-0.001027,3.8882e-5,-9.7388e-6,7.7577e-5
