logka_pop,1,0.084297,-0.26058,0.69224,0.072579,0.10182,-0.18359
logV_pop,0.084297,1,-0.12626,-0.084177,-0.02476,0.11283,0.098092
logCl_pop,-0.26058,-0.12626,1,-0.13252,-0.12981,-0.19703,0.086922
omega_logka,0.69224,-0.084177,-0.13252,1,0.077219,0.079655,-0.33155
omega_logV,0.072579,-0.02476,-0.12981,0.077219,1,-0.0095161,-0.078561
omega_logCl,0.10182,0.11283,-0.19703,0.079655,-0.0095161,1,-0.088766
b,-0.18359,0.098092,0.086922,-0.33155,-0.078561,-0.088766,1
