logka_pop,0.017532,0.00041283,-0.0010923,0.019899,0.0002793,0.00032203,-0.00020767
logV_pop,0.00041283,0.001368,-0.00014783,-0.0006759,-2.6615e-5,9.9679e-5,3.0994e-5
logCl_pop,-0.0010923,-0.00014783,0.0010021,-0.00091072,-0.00011943,-0.00014899,2.3507e-5
omega_logka,0.019899,-0.0006759,-0.00091072,0.047129,0.00048719,0.00041305,-0.00061491
omega_logV,0.0002793,-2.6615e-5,-0.00011943,0.00048719,0.00084463,-6.6059e-6,-1.9505e-5
omega_logCl,0.00032203,9.9679e-5,-0.00014899,0.00041305,-6.6059e-6,0.00057054,-1.8113e-5
b,-0.00020767,3.0994e-5,2.3507e-5,-0.00061491,-1.9505e-5,-1.8113e-5,7.2983e-5
