logka_pop,0.0052957,0.0005226,-0.00051464,9.2523e-5,-7.3441e-5,0.00016767,3.8561e-5
logV_pop,0.0005226,0.0010065,-0.00022557,-8.6697e-5,-2.7523e-5,0.00016937,1.037e-5
logCl_pop,-0.00051464,-0.00022557,0.0012232,0.00017433,-0.00011064,-0.00021413,2.3474e-5
omega_logka,9.2523e-5,-8.6697e-5,0.00017433,0.0036609,-6.8821e-5,-0.00011164,-2.5291e-6
omega_logV,-7.3441e-5,-2.7523e-5,-0.00011064,-6.8821e-5,0.00068322,-1.9437e-5,-3.369e-5
omega_logCl,0.00016767,0.00016937,-0.00021413,-0.00011164,-1.9437e-5,0.00080236,-2.1528e-5
b,3.8561e-5,1.037e-5,2.3474e-5,-2.5291e-6,-3.369e-5,-2.1528e-5,6.1807e-5
