logka_pop,1,0.073941,-0.10208,0.12348,-0.054451,0.053164,0.066694
logV_pop,0.073941,1,-0.093384,-0.070083,-0.0057952,0.12914,0.046645
logCl_pop,-0.10208,-0.093384,1,0.0081888,-0.11617,-0.15846,0.054261
omega_logka,0.12348,-0.070083,0.0081888,1,0.034953,-0.018408,-0.10391
omega_logV,-0.054451,-0.0057952,-0.11617,0.034953,1,0.013758,-0.1459
omega_logCl,0.053164,0.12914,-0.15846,-0.018408,0.013758,1,-0.063479
b,0.066694,0.046645,0.054261,-0.10391,-0.1459,-0.063479,1
