logka_pop,0.0040127,0.00017469,-0.00023199,0.00046027,-0.00010263,9.449e-5,3.5187e-5
logV_pop,0.00017469,0.0013909,-0.00012495,-0.0001538,-6.4312e-6,0.00013514,1.4489e-5
logCl_pop,-0.00023199,-0.00012495,0.0012872,1.7288e-5,-0.00012402,-0.00015951,1.6214e-5
omega_logka,0.00046027,-0.0001538,1.7288e-5,0.0034625,6.12e-5,-3.0391e-5,-5.0927e-5
omega_logV,-0.00010263,-6.4312e-6,-0.00012402,6.12e-5,0.00088539,1.1486e-5,-3.6158e-5
omega_logCl,9.449e-5,0.00013514,-0.00015951,-3.0391e-5,1.1486e-5,0.00078723,-1.4834e-5
b,3.5187e-5,1.4489e-5,1.6214e-5,-5.0927e-5,-3.6158e-5,-1.4834e-5,6.9367e-5
