logka_pop,1,0.24086,-0.2733,0.28882,0.17209,0.0667,-0.01325
logV_pop,0.24086,1,-0.16503,0.083495,0.066382,0.12293,0.046103
logCl_pop,-0.2733,-0.16503,1,-0.099265,-0.16848,-0.17928,0.067938
omega_logka,0.28882,0.083495,-0.099265,1,0.039866,0.072505,-0.03106
omega_logV,0.17209,0.066382,-0.16848,0.039866,1,0.0016361,-0.11665
omega_logCl,0.0667,0.12293,-0.17928,0.072505,0.0016361,1,-0.11263
b,-0.01325,0.046103,0.067938,-0.03106,-0.11665,-0.11263,1
