logka_pop,0.0068579,0.00074527,-0.00072635,0.0010965,0.00044949,0.00013383,-9.3264e-6
logV_pop,0.00074527,0.001396,-0.00019788,0.00014302,7.823e-5,0.00011129,1.4641e-5
logCl_pop,-0.00072635,-0.00019788,0.0010299,-0.00014605,-0.00017055,-0.00013941,1.8532e-5
omega_logka,0.0010965,0.00014302,-0.00014605,0.0021018,5.7648e-5,8.0539e-5,-1.2103e-5
omega_logV,0.00044949,7.823e-5,-0.00017055,5.7648e-5,0.00099485,1.2503e-6,-3.1274e-5
omega_logCl,0.00013383,0.00011129,-0.00013941,8.0539e-5,1.2503e-6,0.00058706,-2.3195e-5
b,-9.3264e-6,1.4641e-5,1.8532e-5,-1.2103e-5,-3.1274e-5,-2.3195e-5,7.2247e-5
