logka_pop,1,0.053236,0.027424,0.0072683,0.018011,-0.008927,-0.0036973
logV_pop,0.053236,1,0.021473,-0.012291,0.011768,-0.0023075,0.027346
logCl_pop,0.027424,0.021473,1,-0.0038014,0.0012669,-0.0060358,0.028296
omega_logka,0.0072683,-0.012291,-0.0038014,1,-0.018082,0.0042026,-0.026156
omega_logV,0.018011,0.011768,0.0012669,-0.018082,1,-0.0016632,-0.0022875
omega_logCl,-0.008927,-0.0023075,-0.0060358,0.0042026,-0.0016632,1,-0.0062142
b,-0.0036973,0.027346,0.028296,-0.026156,-0.0022875,-0.0062142,1
