logka_pop,0.0014871,5.4345e-5,2.5955e-5,8.5011e-6,1.3396e-5,-6.0641e-6,-3.1034e-7
logV_pop,5.4345e-5,0.00070075,1.3951e-5,-9.8681e-6,6.0082e-6,-1.076e-6,1.5756e-6
logCl_pop,2.5955e-5,1.3951e-5,0.00060231,-2.8296e-6,5.9969e-7,-2.6094e-6,1.5115e-6
omega_logka,8.5011e-6,-9.8681e-6,-2.8296e-6,0.00091989,-1.0577e-5,2.2453e-6,-1.7267e-6
omega_logV,1.3396e-5,6.0082e-6,5.9969e-7,-1.0577e-5,0.00037198,-5.6506e-7,-9.603e-8
omega_logCl,-6.0641e-6,-1.076e-6,-2.6094e-6,2.2453e-6,-5.6506e-7,0.00031029,-2.3826e-7
b,-3.1034e-7,1.5756e-6,1.5115e-6,-1.7267e-6,-9.603e-8,-2.3826e-7,4.7375e-6
