logka_pop,1,0.21272,-0.18744,0.1267,0.066924,0.078311,0.026045
logV_pop,0.21272,1,-0.1233,0.016712,-0.013509,0.15984,0.070977
logCl_pop,-0.18744,-0.1233,1,0.030609,-0.13691,-0.15745,0.047464
omega_logka,0.1267,0.016712,0.030609,1,-0.1375,0.022267,-0.0015695
omega_logV,0.066924,-0.013509,-0.13691,-0.1375,1,-0.023341,-0.1066
omega_logCl,0.078311,0.15984,-0.15745,0.022267,-0.023341,1,-0.080333
b,0.026045,0.070977,0.047464,-0.0015695,-0.1066,-0.080333,1
