logka_pop,0.0072806,0.0006154,-0.00058929,0.00082621,0.00016112,0.0002032,1.8631e-5
logV_pop,0.0006154,0.0011496,-0.00015403,4.3305e-5,-1.2924e-5,0.00016481,2.0175e-5
logCl_pop,-0.00058929,-0.00015403,0.0013575,8.6189e-5,-0.00014233,-0.00017642,1.4661e-5
omega_logka,0.00082621,4.3305e-5,8.6189e-5,0.0058406,-0.00029649,5.1748e-5,-1.0056e-6
omega_logV,0.00016112,-1.2924e-5,-0.00014233,-0.00029649,0.00079608,-2.0027e-5,-2.5216e-5
omega_logCl,0.0002032,0.00016481,-0.00017642,5.1748e-5,-2.0027e-5,0.00092476,-2.048e-5
b,1.8631e-5,2.0175e-5,1.4661e-5,-1.0056e-6,-2.5216e-5,-2.048e-5,7.0285e-5
