logka_pop,1,0.14865,-0.11743,-0.015417,0.0077433,0.021331,0.02432
logV_pop,0.14865,1,-0.096965,-0.013225,0.003379,0.090362,0.038491
logCl_pop,-0.11743,-0.096965,1,0.10049,-0.17121,-0.082213,0.063223
omega_logka,-0.015417,-0.013225,0.10049,1,-0.20357,0.086994,-0.10727
omega_logV,0.0077433,0.003379,-0.17121,-0.20357,1,-0.15447,-0.089727
omega_logCl,0.021331,0.090362,-0.082213,0.086994,-0.15447,1,-0.065167
b,0.02432,0.038491,0.063223,-0.10727,-0.089727,-0.065167,1
