logka_pop,0.0032558,0.00030035,-0.00025905,-7.0124e-5,1.4009e-5,3.7918e-5,1.1398e-5
logV_pop,0.00030035,0.0012539,-0.00013275,-3.733e-5,3.7938e-6,9.9682e-5,1.1195e-5
logCl_pop,-0.00025905,-0.00013275,0.0014949,0.00030971,-0.00020989,-9.9025e-5,2.0077e-5
omega_logka,-7.0124e-5,-3.733e-5,0.00030971,0.0063544,-0.00051454,0.00021604,-7.0236e-5
omega_logV,1.4009e-5,3.7938e-6,-0.00020989,-0.00051454,0.0010054,-0.00015258,-2.3368e-5
omega_logCl,3.7918e-5,9.9682e-5,-9.9025e-5,0.00021604,-0.00015258,0.00097054,-1.6675e-5
b,1.1398e-5,1.1195e-5,2.0077e-5,-7.0236e-5,-2.3368e-5,-1.6675e-5,6.7462e-5
