logka_pop,1,0.32789,-0.2732,-0.016974,0.065792,0.16122,0.10609
logV_pop,0.32789,1,-0.1985,-0.22203,0.0084129,0.22371,0.13995
logCl_pop,-0.2732,-0.1985,1,0.07644,-0.15572,-0.24716,0.041166
omega_logka,-0.016974,-0.22203,0.07644,1,-0.011293,-0.048756,-0.25563
omega_logV,0.065792,0.0084129,-0.15572,-0.011293,1,0.057176,-0.1179
omega_logCl,0.16122,0.22371,-0.24716,-0.048756,0.057176,1,-0.082192
b,0.10609,0.13995,0.041166,-0.25563,-0.1179,-0.082192,1
