logka_pop,0.012306,0.0015041,-0.0011518,-0.00020254,0.00021371,0.00055106,0.00011472
logV_pop,0.0015041,0.0017098,-0.00031193,-0.0009875,1.0186e-5,0.00028502,5.6412e-5
logCl_pop,-0.0011518,-0.00031193,0.0014443,0.00031248,-0.00017329,-0.00028942,1.525e-5
omega_logka,-0.00020254,-0.0009875,0.00031248,0.01157,-3.5567e-5,-0.00016158,-0.00026803
omega_logV,0.00021371,1.0186e-5,-0.00017329,-3.5567e-5,0.00085741,5.1585e-5,-3.3653e-5
omega_logCl,0.00055106,0.00028502,-0.00028942,-0.00016158,5.1585e-5,0.00094935,-2.4686e-5
b,0.00011472,5.6412e-5,1.525e-5,-0.00026803,-3.3653e-5,-2.4686e-5,9.5023e-5
