logka_pop,1,0.19274,-0.20387,0.1385,-0.038872,0.064198,0.043661
logV_pop,0.19274,1,-0.18798,-0.12708,0.039324,0.18091,0.065797
logCl_pop,-0.20387,-0.18798,1,0.1211,-0.1593,-0.18822,0.057516
omega_logka,0.1385,-0.12708,0.1211,1,-0.10107,-0.054432,-0.14959
omega_logV,-0.038872,0.039324,-0.1593,-0.10107,1,0.0081645,-0.12288
omega_logCl,0.064198,0.18091,-0.18822,-0.054432,0.0081645,1,-0.066887
b,0.043661,0.065797,0.057516,-0.14959,-0.12288,-0.066887,1
