logka_pop,0.0079957,0.00059109,-0.00061246,0.0013278,-9.2111e-5,0.00015239,3.2359e-5
logV_pop,0.00059109,0.0011762,-0.0002166,-0.00046731,3.574e-5,0.0001647,1.8704e-5
logCl_pop,-0.00061246,-0.0002166,0.0011287,0.00043622,-0.00014183,-0.00016786,1.6016e-5
omega_logka,0.0013278,-0.00046731,0.00043622,0.011495,-0.00028716,-0.00015492,-0.00013293
omega_logV,-9.2111e-5,3.574e-5,-0.00014183,-0.00028716,0.00070227,5.7434e-6,-2.699e-5
omega_logCl,0.00015239,0.0001647,-0.00016786,-0.00015492,5.7434e-6,0.00070467,-1.4717e-5
b,3.2359e-5,1.8704e-5,1.6016e-5,-0.00013293,-2.699e-5,-1.4717e-5,6.8698e-5
