logka_pop,1,0.14227,-0.18641,0.39088,0.043125,0.0070055,-0.0064428
logV_pop,0.14227,1,-0.17181,-0.10394,0.083131,0.16487,0.056909
logCl_pop,-0.18641,-0.17181,1,0.058691,-0.16481,-0.19681,0.062748
omega_logka,0.39088,-0.10394,0.058691,1,-0.011423,-0.17478,-0.11697
omega_logV,0.043125,0.083131,-0.16481,-0.011423,1,-0.0089755,-0.14075
omega_logCl,0.0070055,0.16487,-0.19681,-0.17478,-0.0089755,1,-0.048917
b,-0.0064428,0.056909,0.062748,-0.11697,-0.14075,-0.048917,1
