logka_pop,0.013967,0.00060968,-0.0007275,0.0057733,0.00016146,2.2454e-5,-7.1001e-6
logV_pop,0.00060968,0.0013148,-0.00020573,-0.00047104,9.549e-5,0.00016212,1.9241e-5
logCl_pop,-0.0007275,-0.00020573,0.0010905,0.00024223,-0.00017241,-0.00017626,1.9322e-5
omega_logka,0.0057733,-0.00047104,0.00024223,0.01562,-4.5224e-5,-0.00059239,-0.00013631
omega_logV,0.00016146,9.549e-5,-0.00017241,-4.5224e-5,0.0010036,-7.7112e-6,-4.1577e-5
omega_logCl,2.2454e-5,0.00016212,-0.00017626,-0.00059239,-7.7112e-6,0.0007355,-1.2371e-5
b,-7.1001e-6,1.9241e-5,1.9322e-5,-0.00013631,-4.1577e-5,-1.2371e-5,8.695e-5
