logka_pop,0.0030199,0.00048314,-0.00025391,0.00015839,-5.7815e-5,0.00014562,-7.8049e-6
logV_pop,0.00048314,0.001206,-0.00013687,-1.6883e-5,-1.0709e-5,0.0001292,1.9456e-7
logCl_pop,-0.00025391,-0.00013687,0.0010547,3.406e-5,-9.1952e-5,-0.00011567,1.8734e-5
omega_logka,0.00015839,-1.6883e-5,3.406e-5,0.0015911,-4.2913e-5,-4.8381e-6,-3.3003e-5
omega_logV,-5.7815e-5,-1.0709e-5,-9.1952e-5,-4.2913e-5,0.00071173,2.2952e-5,-2.9906e-5
omega_logCl,0.00014562,0.0001292,-0.00011567,-4.8381e-6,2.2952e-5,0.00065203,-2.7378e-5
b,-7.8049e-6,1.9456e-7,1.8734e-5,-3.3003e-5,-2.9906e-5,-2.7378e-5,6.3746e-5
