logka_pop,1,0.17712,-0.2029,0.22943,0.039119,0.045103,0.0072303
logV_pop,0.17712,1,-0.11736,-0.13712,-0.056285,0.16276,0.092568
logCl_pop,-0.2029,-0.11736,1,-0.013146,-0.12943,-0.1164,0.067383
omega_logka,0.22943,-0.13712,-0.013146,1,0.18406,-0.114,-0.2048
omega_logV,0.039119,-0.056285,-0.12943,0.18406,1,-0.10604,-0.17384
omega_logCl,0.045103,0.16276,-0.1164,-0.114,-0.10604,1,-0.067958
b,0.0072303,0.092568,0.067383,-0.2048,-0.17384,-0.067958,1
