logka_pop,1,0.25805,-0.17027,-0.12824,-0.14275,0.065351,0.14693
logV_pop,0.25805,1,-0.17903,-0.12133,0.03704,0.18609,0.10468
logCl_pop,-0.17027,-0.17903,1,0.060026,-0.11105,-0.1728,0.049185
omega_logka,-0.12824,-0.12133,0.060026,1,-0.046161,-0.031213,-0.08616
omega_logV,-0.14275,0.03704,-0.11105,-0.046161,1,-0.028677,-0.21946
omega_logCl,0.065351,0.18609,-0.1728,-0.031213,-0.028677,1,-0.07407
b,0.14693,0.10468,0.049185,-0.08616,-0.21946,-0.07407,1
