logka_pop,1,0.19157,-0.12884,-0.18262,-0.014164,0.031288,0.10395
logV_pop,0.19157,1,-0.12396,-0.12853,0.0076225,0.12725,0.076704
logCl_pop,-0.12884,-0.12396,1,0.037549,-0.14068,-0.19476,0.09865
omega_logka,-0.18262,-0.12853,0.037549,1,-0.061258,-0.038185,-0.14262
omega_logV,-0.014164,0.0076225,-0.14068,-0.061258,1,-0.015788,-0.15025
omega_logCl,0.031288,0.12725,-0.19476,-0.038185,-0.015788,1,-0.13393
b,0.10395,0.076704,0.09865,-0.14262,-0.15025,-0.13393,1
