logka_pop,0.0034138,0.00040505,-0.00025812,-0.00058645,-2.5806e-5,5.2365e-5,5.7629e-5
logV_pop,0.00040505,0.0013096,-0.00015382,-0.00025565,8.6018e-6,0.00013191,2.6337e-5
logCl_pop,-0.00025812,-0.00015382,0.0011758,7.0766e-5,-0.00015042,-0.00019129,3.2095e-5
omega_logka,-0.00058645,-0.00025565,7.0766e-5,0.0030208,-0.00010499,-6.0118e-5,-7.4376e-5
omega_logV,-2.5806e-5,8.6018e-6,-0.00015042,-0.00010499,0.0009724,-1.4103e-5,-4.4456e-5
omega_logCl,5.2365e-5,0.00013191,-0.00019129,-6.0118e-5,-1.4103e-5,0.00082053,-3.6402e-5
b,5.7629e-5,2.6337e-5,3.2095e-5,-7.4376e-5,-4.4456e-5,-3.6402e-5,9.0026e-5
