logka_pop,1,0.37138,-0.31997,-0.23571,-0.0086416,0.18365,0.21986
logV_pop,0.37138,1,-0.30772,-0.34967,0.17706,0.30616,0.155
logCl_pop,-0.31997,-0.30772,1,0.33486,-0.18261,-0.28904,-0.059578
omega_logka,-0.23571,-0.34967,0.33486,1,-0.3797,-0.2808,-0.22678
omega_logV,-0.0086416,0.17706,-0.18261,-0.3797,1,0.10451,-0.1016
omega_logCl,0.18365,0.30616,-0.28904,-0.2808,0.10451,1,-0.010424
b,0.21986,0.155,-0.059578,-0.22678,-0.1016,-0.010424,1
