logka_pop,0.010371,0.0013029,-0.0012464,-0.0047702,-2.4687e-5,0.00056576,0.00020678
logV_pop,0.0013029,0.0011868,-0.00040547,-0.0023937,0.00017111,0.00031905,4.9316e-5
logCl_pop,-0.0012464,-0.00040547,0.0014631,0.0025453,-0.00019594,-0.00033444,-2.1046e-5
omega_logka,-0.0047702,-0.0023937,0.0025453,0.03949,-0.0021167,-0.001688,-0.00041621
omega_logV,-2.4687e-5,0.00017111,-0.00019594,-0.0021167,0.00078693,8.8689e-5,-2.6322e-5
omega_logCl,0.00056576,0.00031905,-0.00033444,-0.001688,8.8689e-5,0.00091508,-2.9121e-6
b,0.00020678,4.9316e-5,-2.1046e-5,-0.00041621,-2.6322e-5,-2.9121e-6,8.5293e-5
