logka_pop,1,0.83498,-0.3223,-0.93244,0.098415,0.40394,0.45994
logV_pop,0.83498,1,-0.27459,-0.85757,0.054047,0.40731,0.44055
logCl_pop,-0.3223,-0.27459,1,0.2468,-0.15174,-0.26387,-0.059322
omega_logka,-0.93244,-0.85757,0.2468,1,-0.070361,-0.42118,-0.48252
omega_logV,0.098415,0.054047,-0.15174,-0.070361,1,0.029081,-0.045924
omega_logCl,0.40394,0.40731,-0.26387,-0.42118,0.029081,1,0.081272
b,0.45994,0.44055,-0.059322,-0.48252,-0.045924,0.081272,1
