logka_pop,0.036135,0.011384,-0.0018734,-0.14283,0.00052629,0.0021262,0.00088048
logV_pop,0.011384,0.0051437,-0.00060221,-0.04956,0.00010905,0.00080889,0.0003182
logCl_pop,-0.0018734,-0.00060221,0.00093503,0.0060811,-0.00013053,-0.00022343,-1.8268e-5
omega_logka,-0.14283,-0.04956,0.0060811,0.64932,-0.001595,-0.0093977,-0.0039157
omega_logV,0.00052629,0.00010905,-0.00013053,-0.001595,0.0007914,2.2653e-5,-1.3011e-5
omega_logCl,0.0021262,0.00080889,-0.00022343,-0.0093977,2.2653e-5,0.00076675,2.2664e-5
b,0.00088048,0.0003182,-1.8268e-5,-0.0039157,-1.3011e-5,2.2664e-5,0.00010142
