logka_pop,1,-0.021541,-0.06852,0.64903,-0.24206,-0.10894,-0.27103
logV_pop,-0.021541,1,-0.18519,-0.33499,0.19755,0.15533,0.2548
logCl_pop,-0.06852,-0.18519,1,0.1298,-0.1955,-0.18204,-0.0037816
omega_logka,0.64903,-0.33499,0.1298,1,-0.47767,-0.22172,-0.51016
omega_logV,-0.24206,0.19755,-0.1955,-0.47767,1,0.12251,0.11866
omega_logCl,-0.10894,0.15533,-0.18204,-0.22172,0.12251,1,-0.027265
b,-0.27103,0.2548,-0.0037816,-0.51016,0.11866,-0.027265,1
