logka_pop,0.011325,-8.1996e-5,-0.00023707,0.023465,-0.00082771,-0.00031188,-0.00031368
logV_pop,-8.1996e-5,0.0012795,-0.00021537,-0.0040709,0.00022706,0.00014947,9.9122e-5
logCl_pop,-0.00023707,-0.00021537,0.0010571,0.0014338,-0.00020424,-0.00015922,-1.3372e-6
omega_logka,0.023465,-0.0040709,0.0014338,0.11542,-0.0052145,-0.0020265,-0.001885
omega_logV,-0.00082771,0.00022706,-0.00020424,-0.0052145,0.0010325,0.0001059,4.1468e-5
omega_logCl,-0.00031188,0.00014947,-0.00015922,-0.0020265,0.0001059,0.00072374,-7.9774e-6
b,-0.00031368,9.9122e-5,-1.3372e-6,-0.001885,4.1468e-5,-7.9774e-6,0.00011828
