logka_pop,1,0.069757,-0.033462,-0.034516,0.029651,0.0058979,0.010471,0.027812,0.0088678
logV_pop,0.069757,1,-0.028589,-0.031387,-0.0039699,0.0050357,0.0060427,0.01409,0.035646
logVm_pop,-0.033462,-0.028589,1,0.37567,-0.0054497,0.007538,-0.14138,0.1842,0.011027
logKm_pop,-0.034516,-0.031387,0.37567,1,-0.0043477,0.014687,-0.073132,0.12386,-0.010425
omega_logka,0.029651,-0.0039699,-0.0054497,-0.0043477,1,-0.014805,-0.016963,0.0014673,-0.036139
omega_logV,0.0058979,0.0050357,0.007538,0.014687,-0.014805,1,0.001711,0.014021,-0.00414
omega_logVm,0.010471,0.0060427,-0.14138,-0.073132,-0.016963,0.001711,1,-0.12331,-0.029845
omega_logKm,0.027812,0.01409,0.1842,0.12386,0.0014673,0.014021,-0.12331,1,0.0026938
b,0.0088678,0.035646,0.011027,-0.010425,-0.036139,-0.00414,-0.029845,0.0026938,1
