logka_pop,0.0010186,6.1194e-5,-3.3963e-5,-5.1971e-5,2.3401e-5,3.7405e-6,8.3905e-6,3.387e-5,9.0185e-7
logV_pop,6.1194e-5,0.0007555,-2.499e-5,-4.07e-5,-2.6982e-6,2.7505e-6,4.17e-6,1.4779e-5,3.1221e-6
logVm_pop,-3.3963e-5,-2.499e-5,0.0010114,0.00056363,-4.2856e-6,4.7637e-6,-0.00011289,0.00022353,1.1174e-6
logKm_pop,-5.1971e-5,-4.07e-5,0.00056363,0.0022257,-5.072e-6,1.3769e-5,-8.6624e-5,0.00022298,-1.5671e-6
omega_logka,2.3401e-5,-2.6982e-6,-4.2856e-6,-5.072e-6,0.00061146,-7.2749e-6,-1.0531e-5,1.3845e-6,-2.8476e-6
omega_logV,3.7405e-6,2.7505e-6,4.7637e-6,1.3769e-5,-7.2749e-6,0.00039489,8.5367e-7,1.0632e-5,-2.6215e-7
omega_logVm,8.3905e-6,4.17e-6,-0.00011289,-8.6624e-5,-1.0531e-5,8.5367e-7,0.00063036,-0.00011813,-2.3877e-6
omega_logKm,3.387e-5,1.4779e-5,0.00022353,0.00022298,1.3845e-6,1.0632e-5,-0.00011813,0.0014561,3.2754e-7
b,9.0185e-7,3.1221e-6,1.1174e-6,-1.5671e-6,-2.8476e-6,-2.6215e-7,-2.3877e-6,3.2754e-7,1.0154e-5
