logka_pop,1,0.1503,-0.12741,0.3318,-0.0063159,-0.01643,0.11037
logV_pop,0.1503,1,-0.12315,-0.10277,-0.047133,0.14415,0.10628
logCl_pop,-0.12741,-0.12315,1,0.097095,-0.15906,-0.18211,0.072739
omega_logka,0.3318,-0.10277,0.097095,1,-0.033255,-0.11384,-0.017465
omega_logV,-0.0063159,-0.047133,-0.15906,-0.033255,1,-0.055624,-0.16932
omega_logCl,-0.01643,0.14415,-0.18211,-0.11384,-0.055624,1,-0.085067
b,0.11037,0.10628,0.072739,-0.017465,-0.16932,-0.085067,1
