logka_pop,0.008722,0.00055075,-0.00039114,0.0032573,-1.8887e-5,-4.2009e-5,9.4613e-5
logV_pop,0.00055075,0.0015395,-0.00015883,-0.00042387,-5.9216e-5,0.00015484,3.8277e-5
logCl_pop,-0.00039114,-0.00015883,0.0010806,0.00033551,-0.00016742,-0.00016389,2.1948e-5
omega_logka,0.0032573,-0.00042387,0.00033551,0.01105,-0.00011193,-0.00032762,-1.6851e-5
omega_logV,-1.8887e-5,-5.9216e-5,-0.00016742,-0.00011193,0.0010253,-4.8761e-5,-4.9766e-5
omega_logCl,-4.2009e-5,0.00015484,-0.00016389,-0.00032762,-4.8761e-5,0.00074948,-2.1377e-5
b,9.4613e-5,3.8277e-5,2.1948e-5,-1.6851e-5,-4.9766e-5,-2.1377e-5,8.4255e-5
