logV_pop,0.00076697,-2.2499e-5,-1.9952e-5,4.4569e-6,1.129e-5,-2.1806e-6,1.1436e-6
logVm_pop,-2.2499e-5,0.00074992,0.0001497,-2.2044e-6,-7.5494e-5,5.408e-5,3.3527e-7
logKm_pop,-1.9952e-5,0.0001497,0.0012226,3.3947e-6,-4.7084e-5,4.8426e-5,-4.8107e-7
omega_logV,4.4569e-6,-2.2044e-6,3.3947e-6,0.00038529,1.2677e-8,2.3336e-6,-1.4763e-7
omega_logVm,1.129e-5,-7.5494e-5,-4.7084e-5,1.2677e-8,0.00049337,-4.0595e-5,-3.541e-7
omega_logKm,-2.1806e-6,5.408e-5,4.8426e-5,2.3336e-6,-4.0595e-5,0.00089019,-9.9043e-7
b,1.1436e-6,3.3527e-7,-4.8107e-7,-1.4763e-7,-3.541e-7,-9.9043e-7,3.3538e-6
