logka_pop,0.0089132,0.0008384,-0.00073891,0.00031986,0.0001812,9.658e-5,3.0494e-5
logV_pop,0.0008384,0.00118,-0.00017666,-0.00027579,2.5094e-7,0.00011725,2.6528e-5
logCl_pop,-0.00073891,-0.00017666,0.0010743,0.00020504,-0.00013771,-0.00010802,1.9717e-5
omega_logka,0.00031986,-0.00027579,0.00020504,0.0068827,-0.00011724,2.6965e-5,-0.00012426
omega_logV,0.0001812,2.5094e-7,-0.00013771,-0.00011724,0.00067659,-4.4536e-5,-2.9829e-5
omega_logCl,9.658e-5,0.00011725,-0.00010802,2.6965e-5,-4.4536e-5,0.00070152,-2.27e-5
b,3.0494e-5,2.6528e-5,1.9717e-5,-0.00012426,-2.9829e-5,-2.27e-5,8.4496e-5
