logka_pop,1,0.33677,-0.25542,-0.51158,0.14442,0.11351,0.15409
logV_pop,0.33677,1,-0.16953,-0.25135,0.025519,0.12505,0.13477
logCl_pop,-0.25542,-0.16953,1,0.19462,-0.16925,-0.12128,0.01276
omega_logka,-0.51158,-0.25135,0.19462,1,-0.16068,-0.14093,-0.2001
omega_logV,0.14442,0.025519,-0.16925,-0.16068,1,-0.035562,-0.12142
omega_logCl,0.11351,0.12505,-0.12128,-0.14093,-0.035562,1,-0.086362
b,0.15409,0.13477,0.01276,-0.2001,-0.12142,-0.086362,1
