logka_pop,0.0064955,0.00096564,-0.00067114,-0.0052676,0.00032998,0.00023916,0.00011919
logV_pop,0.00096564,0.0012657,-0.00019664,-0.0011425,2.574e-5,0.00011631,4.6015e-5
logCl_pop,-0.00067114,-0.00019664,0.001063,0.00081066,-0.00015645,-0.00010338,3.9927e-6
omega_logka,-0.0052676,-0.0011425,0.00081066,0.016322,-0.000582,-0.00047072,-0.00024534
omega_logV,0.00032998,2.574e-5,-0.00015645,-0.000582,0.0008038,-2.6358e-5,-3.3036e-5
omega_logCl,0.00023916,0.00011631,-0.00010338,-0.00047072,-2.6358e-5,0.00068345,-2.1668e-5
b,0.00011919,4.6015e-5,3.9927e-6,-0.00024534,-3.3036e-5,-2.1668e-5,9.2104e-5
