logka_pop,1,0.2309,-0.19878,-0.0088911,-0.037904,0.13038,0.038083
logV_pop,0.2309,1,-0.1999,-0.074998,0.025363,0.14945,0.042726
logCl_pop,-0.19878,-0.1999,1,0.059565,-0.13793,-0.1967,0.069801
omega_logka,-0.0088911,-0.074998,0.059565,1,-0.015165,0.049487,-0.1792
omega_logV,-0.037904,0.025363,-0.13793,-0.015165,1,-0.042025,-0.15976
omega_logCl,0.13038,0.14945,-0.1967,0.049487,-0.042025,1,-0.13184
b,0.038083,0.042726,0.069801,-0.1792,-0.15976,-0.13184,1
