logka_pop,0.0033077,0.00045339,-0.00038356,-3.3742e-5,-6.4466e-5,0.00019894,1.9351e-5
logV_pop,0.00045339,0.0011657,-0.00022898,-0.00016897,2.5608e-5,0.00013538,1.2888e-5
logCl_pop,-0.00038356,-0.00022898,0.0011256,0.00013187,-0.00013685,-0.00017508,2.0691e-5
omega_logka,-3.3742e-5,-0.00016897,0.00013187,0.0043543,-2.9592e-5,8.6636e-5,-0.00010448
omega_logV,-6.4466e-5,2.5608e-5,-0.00013685,-2.9592e-5,0.00087454,-3.2972e-5,-4.1741e-5
omega_logCl,0.00019894,0.00013538,-0.00017508,8.6636e-5,-3.2972e-5,0.00070388,-3.0904e-5
b,1.9351e-5,1.2888e-5,2.0691e-5,-0.00010448,-4.1741e-5,-3.0904e-5,7.8062e-5
