logka_pop,0.012126,0.0010022,-0.00084979,0.0081592,0.00019892,0.00018079,-5.5664e-7
logV_pop,0.0010022,0.0012153,-0.00018383,0.00031954,7.6622e-6,0.00015905,1.7542e-5
logCl_pop,-0.00084979,-0.00018383,0.0011437,-0.00032967,-0.00014235,-0.0001221,1.8697e-5
omega_logka,0.0081592,0.00031954,-0.00032967,0.017818,0.00026336,0.00011161,-0.00015671
omega_logV,0.00019892,7.6622e-6,-0.00014235,0.00026336,0.00099992,-1.2326e-5,-5.7223e-5
omega_logCl,0.00018079,0.00015905,-0.0001221,0.00011161,-1.2326e-5,0.00072299,-2.3484e-5
b,-5.5664e-7,1.7542e-5,1.8697e-5,-0.00015671,-5.7223e-5,-2.3484e-5,8.2405e-5
