logka_pop,1,0.13619,-0.20227,-0.22494,0.021126,0.029267,0.028993
logV_pop,0.13619,1,-0.12081,-0.046007,0.038111,0.11126,0.029613
logCl_pop,-0.20227,-0.12081,1,0.29287,-0.16254,-0.11279,0.054728
omega_logka,-0.22494,-0.046007,0.29287,1,-0.080573,0.12599,-0.094728
omega_logV,0.021126,0.038111,-0.16254,-0.080573,1,-0.0017903,-0.14743
omega_logCl,0.029267,0.11126,-0.11279,0.12599,-0.0017903,1,-0.14375
b,0.028993,0.029613,0.054728,-0.094728,-0.14743,-0.14375,1
