logka_pop,0.0048113,0.00035767,-0.00046618,-0.0035865,4.5573e-5,5.383e-5,1.8248e-5
logV_pop,0.00035767,0.0014335,-0.00015199,-0.00040041,4.4875e-5,0.0001117,1.0174e-5
logCl_pop,-0.00046618,-0.00015199,0.0011041,0.0022369,-0.00016796,-9.9375e-5,1.6501e-5
omega_logka,-0.0035865,-0.00040041,0.0022369,0.052841,-0.00057601,0.00076799,-0.00019759
omega_logV,4.5573e-5,4.4875e-5,-0.00016796,-0.00057601,0.0009672,-1.4764e-6,-4.1606e-5
omega_logCl,5.383e-5,0.0001117,-9.9375e-5,0.00076799,-1.4764e-6,0.00070313,-3.4587e-5
b,1.8248e-5,1.0174e-5,1.6501e-5,-0.00019759,-4.1606e-5,-3.4587e-5,8.2338e-5
