logka_pop,1,0.1854,-0.16217,0.12024,0.064147,0.043189,0.0048184
logV_pop,0.1854,1,-0.15133,-0.11395,-0.018291,0.15438,0.077776
logCl_pop,-0.16217,-0.15133,1,0.061759,-0.14339,-0.209,0.074964
omega_logka,0.12024,-0.11395,0.061759,1,-0.029236,-0.069781,-0.19365
omega_logV,0.064147,-0.018291,-0.14339,-0.029236,1,-0.014676,-0.1518
omega_logCl,0.043189,0.15438,-0.209,-0.069781,-0.014676,1,-0.080627
b,0.0048184,0.077776,0.074964,-0.19365,-0.1518,-0.080627,1
