logka_pop,0.0044632,0.00041403,-0.00036907,0.00060296,0.00012336,7.929e-5,2.8524e-6
logV_pop,0.00041403,0.0011174,-0.00017233,-0.00028593,-1.7601e-5,0.00014181,2.3037e-5
logCl_pop,-0.00036907,-0.00017233,0.0011604,0.00015792,-0.00014061,-0.00019565,2.2628e-5
omega_logka,0.00060296,-0.00028593,0.00015792,0.0056345,-6.3175e-5,-0.00014394,-0.00012881
omega_logV,0.00012336,-1.7601e-5,-0.00014061,-6.3175e-5,0.00082868,-1.161e-5,-3.872e-5
omega_logCl,7.929e-5,0.00014181,-0.00019565,-0.00014394,-1.161e-5,0.00075516,-1.9633e-5
b,2.8524e-6,2.3037e-5,2.2628e-5,-0.00012881,-3.872e-5,-1.9633e-5,7.8517e-5
