logka_pop,1,0.3091,-0.21181,-0.19421,-0.042859,0.1335,0.077724
logV_pop,0.3091,1,-0.16814,-0.26424,-0.010962,0.17783,0.10137
logCl_pop,-0.21181,-0.16814,1,0.095366,-0.11011,-0.24617,0.089689
omega_logka,-0.19421,-0.26424,0.095366,1,0.15263,-0.20763,-0.22404
omega_logV,-0.042859,-0.010962,-0.11011,0.15263,1,-0.045642,-0.19011
omega_logCl,0.1335,0.17783,-0.24617,-0.20763,-0.045642,1,-0.098478
b,0.077724,0.10137,0.089689,-0.22404,-0.19011,-0.098478,1
