logka_pop,0.0052681,0.00084201,-0.00051407,-0.0013556,-9.3254e-5,0.0002822,5.2098e-5
logV_pop,0.00084201,0.0014086,-0.00021101,-0.0009537,-1.2334e-5,0.00019438,3.5137e-5
logCl_pop,-0.00051407,-0.00021101,0.0011181,0.00030666,-0.00011038,-0.00023973,2.7696e-5
omega_logka,-0.0013556,-0.0009537,0.00030666,0.0092477,0.00044001,-0.00058149,-0.00019896
omega_logV,-9.3254e-5,-1.2334e-5,-0.00011038,0.00044001,0.00089867,-3.9847e-5,-5.2632e-5
omega_logCl,0.0002822,0.00019438,-0.00023973,-0.00058149,-3.9847e-5,0.00084813,-2.6485e-5
b,5.2098e-5,3.5137e-5,2.7696e-5,-0.00019896,-5.2632e-5,-2.6485e-5,8.5286e-5
