logka_pop,1,0.26203,-0.21569,0.047724,0.1341,0.12693,-0.035893
logV_pop,0.26203,1,-0.12992,-0.086029,0.0083918,0.17896,0.028116
logCl_pop,-0.21569,-0.12992,1,0.019816,-0.14544,-0.12559,0.073495
omega_logka,0.047724,-0.086029,0.019816,1,-0.010778,0.015389,-0.10376
omega_logV,0.1341,0.0083918,-0.14544,-0.010778,1,-0.0053459,-0.1668
omega_logCl,0.12693,0.17896,-0.12559,0.015389,-0.0053459,1,-0.093765
b,-0.035893,0.028116,0.073495,-0.10376,-0.1668,-0.093765,1
