logka_pop,0.0049931,0.00059288,-0.00050536,0.00020387,0.00024953,0.00023729,-2.0972e-5
logV_pop,0.00059288,0.0010253,-0.00013794,-0.00016654,7.0761e-6,0.0001516,7.4443e-6
logCl_pop,-0.00050536,-0.00013794,0.0010994,3.9723e-5,-0.00012699,-0.00011017,2.015e-5
omega_logka,0.00020387,-0.00016654,3.9723e-5,0.0036549,-1.7158e-5,2.4613e-5,-5.1868e-5
omega_logV,0.00024953,7.0761e-6,-0.00012699,-1.7158e-5,0.00069345,-3.7243e-6,-3.632e-5
omega_logCl,0.00023729,0.0001516,-0.00011017,2.4613e-5,-3.7243e-6,0.00069989,-2.0511e-5
b,-2.0972e-5,7.4443e-6,2.015e-5,-5.1868e-5,-3.632e-5,-2.0511e-5,6.8372e-5
