logka_pop,1,0.021725,-0.094932,0.6684,-0.2501,-0.19642,-0.14931
logV_pop,0.021725,1,-0.095384,-0.24822,0.033189,0.23243,0.12999
logCl_pop,-0.094932,-0.095384,1,-0.0018412,-0.080428,-0.11125,0.04325
omega_logka,0.6684,-0.24822,-0.0018412,1,-0.16485,-0.3714,-0.37083
omega_logV,-0.2501,0.033189,-0.080428,-0.16485,1,0.055234,-0.093443
omega_logCl,-0.19642,0.23243,-0.11125,-0.3714,0.055234,1,0.035317
b,-0.14931,0.12999,0.04325,-0.37083,-0.093443,0.035317,1
