logka_pop,0.0094661,7.4942e-5,-0.00032024,0.014187,-0.00070751,-0.00058427,-0.00013801
logV_pop,7.4942e-5,0.001257,-0.00011725,-0.0019199,3.4214e-5,0.00025195,4.3785e-5
logCl_pop,-0.00032024,-0.00011725,0.0012021,-1.3927e-5,-8.1081e-5,-0.00011792,1.4247e-5
omega_logka,0.014187,-0.0019199,-1.3927e-5,0.047593,-0.0010457,-0.0024771,-0.00076859
omega_logV,-0.00070751,3.4214e-5,-8.1081e-5,-0.0010457,0.00084542,4.91e-5,-2.5813e-5
omega_logCl,-0.00058427,0.00025195,-0.00011792,-0.0024771,4.91e-5,0.00093472,1.0258e-5
b,-0.00013801,4.3785e-5,1.4247e-5,-0.00076859,-2.5813e-5,1.0258e-5,9.0262e-5
