logka_pop,1,0.18362,-0.16241,-0.071149,0.042088,0.052535,0.062311
logV_pop,0.18362,1,-0.11785,-0.079848,0.045781,0.14513,0.040352
logCl_pop,-0.16241,-0.11785,1,0.077303,-0.13525,-0.1542,0.069908
omega_logka,-0.071149,-0.079848,0.077303,1,-0.12388,0.0041541,-0.037563
omega_logV,0.042088,0.045781,-0.13525,-0.12388,1,0.020234,-0.16765
omega_logCl,0.052535,0.14513,-0.1542,0.0041541,0.020234,1,-0.11194
b,0.062311,0.040352,0.069908,-0.037563,-0.16765,-0.11194,1
