logka_pop,0.0068994,0.00047956,-0.0004191,-0.00055063,9.4336e-5,0.00010292,4.3283e-5
logV_pop,0.00047956,0.0009886,-0.00011511,-0.00023391,3.8842e-5,0.00010763,1.061e-5
logCl_pop,-0.0004191,-0.00011511,0.0009651,0.00022375,-0.00011338,-0.00011298,1.8162e-5
omega_logka,-0.00055063,-0.00023391,0.00022375,0.0086808,-0.00031146,9.1287e-6,-2.9268e-5
omega_logV,9.4336e-5,3.8842e-5,-0.00011338,-0.00031146,0.00072815,1.2878e-5,-3.7832e-5
omega_logCl,0.00010292,0.00010763,-0.00011298,9.1287e-6,1.2878e-5,0.00055628,-2.208e-5
b,4.3283e-5,1.061e-5,1.8162e-5,-2.9268e-5,-3.7832e-5,-2.208e-5,6.9936e-5
