logka_pop,1,0.15572,-0.20293,0.13498,-0.0063186,0.015094,0.017321
logV_pop,0.15572,1,-0.14313,-0.1516,-0.041451,0.1441,0.081633
logCl_pop,-0.20293,-0.14313,1,0.067649,-0.16259,-0.11901,0.074464
omega_logka,0.13498,-0.1516,0.067649,1,0.0054145,-0.023042,-0.12918
omega_logV,-0.0063186,-0.041451,-0.16259,0.0054145,1,-0.049867,-0.22247
omega_logCl,0.015094,0.1441,-0.11901,-0.023042,-0.049867,1,-0.05419
b,0.017321,0.081633,0.074464,-0.12918,-0.22247,-0.05419,1
