logka_pop,0.010366,0.00053355,-0.00069098,0.0012746,-1.9021e-5,3.7714e-5,1.5419e-5
logV_pop,0.00053355,0.0011326,-0.00016109,-0.00047318,-4.1245e-5,0.00011901,2.4021e-5
logCl_pop,-0.00069098,-0.00016109,0.0011185,0.00020983,-0.00016078,-9.7677e-5,2.1774e-5
omega_logka,0.0012746,-0.00047318,0.00020983,0.0086017,1.4847e-5,-5.2445e-5,-0.00010475
omega_logV,-1.9021e-5,-4.1245e-5,-0.00016078,1.4847e-5,0.00087417,-3.6183e-5,-5.751e-5
omega_logCl,3.7714e-5,0.00011901,-9.7677e-5,-5.2445e-5,-3.6183e-5,0.00060225,-1.1628e-5
b,1.5419e-5,2.4021e-5,2.1774e-5,-0.00010475,-5.751e-5,-1.1628e-5,7.6448e-5
