logka_pop,1,-0.30674,-0.203,0.97649,-0.070913,-0.55637,-0.068712
logV_pop,-0.30674,1,-0.051523,-0.36938,-0.00082648,0.35438,0.10907
logCl_pop,-0.203,-0.051523,1,-0.16111,-0.12661,-0.040272,0.079063
omega_logka,0.97649,-0.36938,-0.16111,1,-0.082854,-0.58144,-0.090666
omega_logV,-0.070913,-0.00082648,-0.12661,-0.082854,1,-0.002502,-0.12896
omega_logCl,-0.55637,0.35438,-0.040272,-0.58144,-0.002502,1,-0.018478
b,-0.068712,0.10907,0.079063,-0.090666,-0.12896,-0.018478,1
