logka_pop,0.0075793,0.00039071,-0.00050869,0.0033447,9.0417e-5,-7.0071e-5,4.1918e-6
logV_pop,0.00039071,0.0010693,-0.00012802,-0.00015792,0.00010652,0.00011117,1.539e-5
logCl_pop,-0.00050869,-0.00012802,0.001136,7.2929e-5,-0.0001504,-7.442e-5,1.6097e-5
omega_logka,0.0033447,-0.00015792,7.2929e-5,0.010304,-8.5254e-5,-0.00020293,-9.239e-5
omega_logV,9.0417e-5,0.00010652,-0.0001504,-8.5254e-5,0.00079838,-8.8169e-6,-3.8216e-5
omega_logCl,-7.0071e-5,0.00011117,-7.442e-5,-0.00020293,-8.8169e-6,0.00071021,-1.3446e-5
b,4.1918e-6,1.539e-5,1.6097e-5,-9.239e-5,-3.8216e-5,-1.3446e-5,6.8918e-5
