logka_pop,1,0.13483,-0.1405,0.35881,-0.056451,0.037487,0.025704
logV_pop,0.13483,1,-0.13862,-0.16157,-0.015404,0.14525,0.12248
logCl_pop,-0.1405,-0.13862,1,0.031073,-0.094083,-0.17565,0.03607
omega_logka,0.35881,-0.16157,0.031073,1,0.051061,-0.13105,-0.21242
omega_logV,-0.056451,-0.015404,-0.094083,0.051061,1,-0.032585,-0.16269
omega_logCl,0.037487,0.14525,-0.17565,-0.13105,-0.032585,1,-0.016928
b,0.025704,0.12248,0.03607,-0.21242,-0.16269,-0.016928,1
