logka_pop,0.0030593,0.00042765,-0.00033885,-4.4845e-5,0.00018658,0.00016889,-1.6552e-5
logV_pop,0.00042765,0.0012948,-0.00017668,-9.7409e-5,5.3695e-5,0.00014748,1.5892e-5
logCl_pop,-0.00033885,-0.00017668,0.001241,-1.274e-5,-0.00012978,-0.00023314,3.5623e-5
omega_logka,-4.4845e-5,-9.7409e-5,-1.274e-5,0.0017984,5.5933e-5,-2.186e-5,-1.3281e-5
omega_logV,0.00018658,5.3695e-5,-0.00012978,5.5933e-5,0.00088294,1.439e-5,-3.6786e-5
omega_logCl,0.00016889,0.00014748,-0.00023314,-2.186e-5,1.439e-5,0.00081148,-3.3742e-5
b,-1.6552e-5,1.5892e-5,3.5623e-5,-1.3281e-5,-3.6786e-5,-3.3742e-5,8.7977e-5
