logka_pop,1,0.40533,-0.2821,-0.010477,-0.059135,0.12143,0.15603
logV_pop,0.40533,1,-0.21905,-0.15726,-0.063124,0.18339,0.16552
logCl_pop,-0.2821,-0.21905,1,0.11208,-0.065406,-0.18962,-0.013501
omega_logka,-0.010477,-0.15726,0.11208,1,0.11226,0.00010154,-0.31803
omega_logV,-0.059135,-0.063124,-0.065406,0.11226,1,-0.029751,-0.26415
omega_logCl,0.12143,0.18339,-0.18962,0.00010154,-0.029751,1,-0.066674
b,0.15603,0.16552,-0.013501,-0.31803,-0.26415,-0.066674,1
