logka_pop,0.0077478,0.0012167,-0.00081907,-9.3373e-5,-0.00013649,0.00026763,0.00013036
logV_pop,0.0012167,0.0011631,-0.00024642,-0.000543,-5.6449e-5,0.00015661,5.358e-5
logCl_pop,-0.00081907,-0.00024642,0.001088,0.00037431,-5.6571e-5,-0.00015662,-4.227e-6
omega_logka,-9.3373e-5,-0.000543,0.00037431,0.010251,0.00029804,2.5741e-7,-0.00030563
omega_logV,-0.00013649,-5.6449e-5,-5.6571e-5,0.00029804,0.00068755,-1.9534e-5,-6.5744e-5
omega_logCl,0.00026763,0.00015661,-0.00015662,2.5741e-7,-1.9534e-5,0.00062697,-1.5847e-5
b,0.00013036,5.358e-5,-4.227e-6,-0.00030563,-6.5744e-5,-1.5847e-5,9.0096e-5
