logka_pop,1,0.23176,-0.18775,0.36918,-0.043997,0.10509,0.069535
logV_pop,0.23176,1,-0.1549,0.00063007,-0.017302,0.15276,0.083057
logCl_pop,-0.18775,-0.1549,1,0.020295,-0.11675,-0.20229,0.04182
omega_logka,0.36918,0.00063007,0.020295,1,-0.069291,0.0042292,-0.047584
omega_logV,-0.043997,-0.017302,-0.11675,-0.069291,1,-0.0058529,-0.1088
omega_logCl,0.10509,0.15276,-0.20229,0.0042292,-0.0058529,1,-0.10678
b,0.069535,0.083057,0.04182,-0.047584,-0.1088,-0.10678,1
