logka_pop,0.0091127,0.00083903,-0.00065203,0.0033044,-0.00012122,0.00030958,5.9603e-5
logV_pop,0.00083903,0.0014382,-0.00021372,2.2404e-6,-1.8939e-5,0.00017877,2.8284e-5
logCl_pop,-0.00065203,-0.00021372,0.0013235,6.9225e-5,-0.00012259,-0.0002271,1.3661e-5
omega_logka,0.0033044,2.2404e-6,6.9225e-5,0.008791,-0.00018752,1.2237e-5,-4.0062e-5
omega_logV,-0.00012122,-1.8939e-5,-0.00012259,-0.00018752,0.00083309,-5.2131e-6,-2.8198e-5
omega_logCl,0.00030958,0.00017877,-0.0002271,1.2237e-5,-5.2131e-6,0.00095227,-2.9589e-5
b,5.9603e-5,2.8284e-5,1.3661e-5,-4.0062e-5,-2.8198e-5,-2.9589e-5,8.0629e-5
