logka_pop,1,0.18441,-0.21193,0.11006,0.019978,0.046464,0.05027
logV_pop,0.18441,1,-0.13255,-0.062963,-0.011607,0.11433,0.072497
logCl_pop,-0.21193,-0.13255,1,0.035725,-0.13854,-0.15208,0.062869
omega_logka,0.11006,-0.062963,0.035725,1,-0.040218,-0.0048556,-0.079559
omega_logV,0.019978,-0.011607,-0.13854,-0.040218,1,-0.004328,-0.11399
omega_logCl,0.046464,0.11433,-0.15208,-0.0048556,-0.004328,1,-0.12967
b,0.05027,0.072497,0.062869,-0.079559,-0.11399,-0.12967,1
