logka_pop,0.0077002,0.00061441,-0.00059195,0.00068783,5.224e-5,0.00010089,3.8512e-5
logV_pop,0.00061441,0.0014416,-0.00016019,-0.00017026,-1.3133e-5,0.00010741,2.4032e-5
logCl_pop,-0.00059195,-0.00016019,0.0010131,8.0986e-5,-0.0001314,-0.00011978,1.7471e-5
omega_logka,0.00068783,-0.00017026,8.0986e-5,0.0050723,-8.5354e-5,-8.5568e-6,-4.9468e-5
omega_logV,5.224e-5,-1.3133e-5,-0.0001314,-8.5354e-5,0.00088799,-3.1913e-6,-2.9656e-5
omega_logCl,0.00010089,0.00010741,-0.00011978,-8.5568e-6,-3.1913e-6,0.00061226,-2.8013e-5
b,3.8512e-5,2.4032e-5,1.7471e-5,-4.9468e-5,-2.9656e-5,-2.8013e-5,7.622e-5
