logka_pop,1,0.23978,-0.2277,0.11474,0.032036,0.039945,0.1062
logV_pop,0.23978,1,-0.17217,-0.036868,0.028229,0.1315,0.051169
logCl_pop,-0.2277,-0.17217,1,0.00013068,-0.12094,-0.20114,0.050146
omega_logka,0.11474,-0.036868,0.00013068,1,0.0076215,-0.029303,-0.079671
omega_logV,0.032036,0.028229,-0.12094,0.0076215,1,0.0056437,-0.17814
omega_logCl,0.039945,0.1315,-0.20114,-0.029303,0.0056437,1,-0.10115
b,0.1062,0.051169,0.050146,-0.079671,-0.17814,-0.10115,1
