logka_pop,0.0071157,0.00069565,-0.00061907,0.00078055,7.765e-5,8.6097e-5,7.5835e-5
logV_pop,0.00069565,0.0011829,-0.00019085,-0.00010226,2.7898e-5,0.00011557,1.4897e-5
logCl_pop,-0.00061907,-0.00019085,0.0010388,3.3967e-7,-0.000112,-0.00016565,1.3682e-5
omega_logka,0.00078055,-0.00010226,3.3967e-7,0.0065036,1.7661e-5,-6.0382e-5,-5.4388e-5
omega_logV,7.765e-5,2.7898e-5,-0.000112,1.7661e-5,0.00082567,4.1437e-6,-4.333e-5
omega_logCl,8.6097e-5,0.00011557,-0.00016565,-6.0382e-5,4.1437e-6,0.0006529,-2.1878e-5
b,7.5835e-5,1.4897e-5,1.3682e-5,-5.4388e-5,-4.333e-5,-2.1878e-5,7.1657e-5
