logka_pop,1,0.15571,-0.16277,-0.027557,-0.013427,-0.003133,0.10265
logV_pop,0.15571,1,-0.12692,-0.1201,-0.0075982,0.10185,0.10381
logCl_pop,-0.16277,-0.12692,1,0.057663,-0.14777,-0.091861,0.046161
omega_logka,-0.027557,-0.1201,0.057663,1,0.011779,-0.021627,-0.15353
omega_logV,-0.013427,-0.0075982,-0.14777,0.011779,1,-0.077386,-0.12555
omega_logCl,-0.003133,0.10185,-0.091861,-0.021627,-0.077386,1,-0.096729
b,0.10265,0.10381,0.046161,-0.15353,-0.12555,-0.096729,1
