logka_pop,0.0066109,0.00091342,-0.00074718,-0.00012631,0.00027115,0.00027753,-5.4592e-6
logV_pop,0.00091342,0.001411,-0.00025218,-0.00025359,3.2427e-5,0.00019816,1.9225e-5
logCl_pop,-0.00074718,-0.00025218,0.001453,0.00026604,-0.00016569,-0.00014184,3.0093e-6
omega_logka,-0.00012631,-0.00025359,0.00026604,0.0071011,-5.853e-5,-0.00013303,-4.6791e-5
omega_logV,0.00027115,3.2427e-5,-0.00016569,-5.853e-5,0.00091841,-7.7318e-5,-2.27e-5
omega_logCl,0.00027753,0.00019816,-0.00014184,-0.00013303,-7.7318e-5,0.00096061,-1.6074e-5
b,-5.4592e-6,1.9225e-5,3.0093e-6,-4.6791e-5,-2.27e-5,-1.6074e-5,7.6786e-5
