logka_pop,1,0.20202,-0.16476,-0.021867,-0.059393,0.067175,0.055194
logV_pop,0.20202,1,-0.14765,-0.13825,0.048063,0.13697,0.04371
logCl_pop,-0.16476,-0.14765,1,0.051029,-0.14964,-0.19295,0.094618
omega_logka,-0.021867,-0.13825,0.051029,1,-0.072901,-0.0039156,-0.13591
omega_logV,-0.059393,0.048063,-0.14964,-0.072901,1,-0.035512,-0.15738
omega_logCl,0.067175,0.13697,-0.19295,-0.0039156,-0.035512,1,-0.12616
b,0.055194,0.04371,0.094618,-0.13591,-0.15738,-0.12616,1
