logka_pop,0.0041104,0.00047695,-0.00036451,-9.0611e-5,-0.00012178,0.0001249,3.1924e-5
logV_pop,0.00047695,0.001356,-0.00018763,-0.00032906,5.6603e-5,0.00014628,1.4521e-5
logCl_pop,-0.00036451,-0.00018763,0.0011908,0.00011381,-0.00016514,-0.0001931,2.9456e-5
omega_logka,-9.0611e-5,-0.00032906,0.00011381,0.0041775,-0.00015069,-7.3397e-6,-7.9251e-5
omega_logV,-0.00012178,5.6603e-5,-0.00016514,-0.00015069,0.0010228,-3.2937e-5,-4.5406e-5
omega_logCl,0.0001249,0.00014628,-0.0001931,-7.3397e-6,-3.2937e-5,0.00084109,-3.3009e-5
b,3.1924e-5,1.4521e-5,2.9456e-5,-7.9251e-5,-4.5406e-5,-3.3009e-5,8.1388e-5
