logka_pop,1,0.27079,-0.1933,0.20565,-0.069914,0.12149,0.050298
logV_pop,0.27079,1,-0.20183,-0.10039,0.0018915,0.16858,0.093279
logCl_pop,-0.1933,-0.20183,1,0.03915,-0.098882,-0.14753,0.032463
omega_logka,0.20565,-0.10039,0.03915,1,-0.12621,0.014415,-0.11671
omega_logV,-0.069914,0.0018915,-0.098882,-0.12621,1,-0.052383,-0.18332
omega_logCl,0.12149,0.16858,-0.14753,0.014415,-0.052383,1,-0.063256
b,0.050298,0.093279,0.032463,-0.11671,-0.18332,-0.063256,1
