logka_pop,0.0083354,0.00077082,-0.00058402,0.0018409,-0.00017094,0.00028896,3.8074e-5
logV_pop,0.00077082,0.00097207,-0.00020825,-0.00030688,1.5793e-6,0.00013694,2.4113e-5
logCl_pop,-0.00058402,-0.00020825,0.0010952,0.00012703,-8.7635e-5,-0.00012719,8.9072e-6
omega_logka,0.0018409,-0.00030688,0.00012703,0.0096138,-0.0003314,3.6823e-5,-9.4878e-5
omega_logV,-0.00017094,1.5793e-6,-8.7635e-5,-0.0003314,0.00071721,-3.6548e-5,-4.0705e-5
omega_logCl,0.00028896,0.00013694,-0.00012719,3.6823e-5,-3.6548e-5,0.00067874,-1.3664e-5
b,3.8074e-5,2.4113e-5,8.9072e-6,-9.4878e-5,-4.0705e-5,-1.3664e-5,6.8743e-5
