logka_pop,1,0.26791,-0.23064,-0.11982,0.087414,-0.024993,0.12869
logV_pop,0.26791,1,-0.15543,-0.20248,0.038025,0.13902,0.08324
logCl_pop,-0.23064,-0.15543,1,0.054181,-0.15565,-0.10888,0.020612
omega_logka,-0.11982,-0.20248,0.054181,1,0.010283,0.048264,-0.21175
omega_logV,0.087414,0.038025,-0.15565,0.010283,1,-0.093129,-0.15006
omega_logCl,-0.024993,0.13902,-0.10888,0.048264,-0.093129,1,-0.10298
b,0.12869,0.08324,0.020612,-0.21175,-0.15006,-0.10298,1
