logka_pop,0.0074439,0.00081044,-0.00068349,-0.00092135,0.00023895,-6.2013e-5,9.8695e-5
logV_pop,0.00081044,0.0012293,-0.00018718,-0.00063272,4.2241e-5,0.00014018,2.5943e-5
logCl_pop,-0.00068349,-0.00018718,0.0011798,0.00016586,-0.00016939,-0.00010755,6.2932e-6
omega_logka,-0.00092135,-0.00063272,0.00016586,0.0079427,2.9036e-5,0.0001237,-0.00016775
omega_logV,0.00023895,4.2241e-5,-0.00016939,2.9036e-5,0.0010038,-8.4854e-5,-4.2261e-5
omega_logCl,-6.2013e-5,0.00014018,-0.00010755,0.0001237,-8.4854e-5,0.00082703,-2.6325e-5
b,9.8695e-5,2.5943e-5,6.2932e-6,-0.00016775,-4.2261e-5,-2.6325e-5,7.9013e-5
