logka_pop,1,0.27353,-0.25658,-0.069512,0.087801,0.14702,0.042059
logV_pop,0.27353,1,-0.17824,-0.20261,0.040227,0.18279,0.077403
logCl_pop,-0.25658,-0.17824,1,0.133,-0.14307,-0.20248,0.050934
omega_logka,-0.069512,-0.20261,0.133,1,0.043059,-0.11759,-0.17937
omega_logV,0.087801,0.040227,-0.14307,0.043059,1,0.036167,-0.18123
omega_logCl,0.14702,0.18279,-0.20248,-0.11759,0.036167,1,-0.10957
b,0.042059,0.077403,0.050934,-0.17937,-0.18123,-0.10957,1
