logka_pop,0.0078858,0.00082491,-0.00077201,-0.00065202,0.00021779,0.00035413,3.2404e-5
logV_pop,0.00082491,0.0011534,-0.0002051,-0.0007268,3.8161e-5,0.00016838,2.2807e-5
logCl_pop,-0.00077201,-0.0002051,0.001148,0.000476,-0.00013541,-0.00018609,1.4973e-5
omega_logka,-0.00065202,-0.0007268,0.000476,0.011157,0.00012705,-0.00033691,-0.00016438
omega_logV,0.00021779,3.8161e-5,-0.00013541,0.00012705,0.00078028,2.7403e-5,-4.3922e-5
omega_logCl,0.00035413,0.00016838,-0.00018609,-0.00033691,2.7403e-5,0.00073575,-2.5785e-5
b,3.2404e-5,2.2807e-5,1.4973e-5,-0.00016438,-4.3922e-5,-2.5785e-5,7.5273e-5
