logka_pop,1,0.089528,-0.19821,0.70673,0.057824,0.0037631,-0.061268
logV_pop,0.089528,1,-0.19553,-0.16154,0.14787,0.1398,0.070653
logCl_pop,-0.19821,-0.19553,1,-0.046923,-0.18047,-0.12515,0.041295
omega_logka,0.70673,-0.16154,-0.046923,1,0.015989,-0.047121,-0.17505
omega_logV,0.057824,0.14787,-0.18047,0.015989,1,0.0025085,-0.1647
omega_logCl,0.0037631,0.1398,-0.12515,-0.047121,0.0025085,1,-0.044752
b,-0.061268,0.070653,0.041295,-0.17505,-0.1647,-0.044752,1
