logka_pop,0.017039,0.00037728,-0.00091532,0.017688,0.0002196,1.3498e-5,-6.6066e-5
logV_pop,0.00037728,0.0010423,-0.00022332,-0.00099992,0.00013889,0.00012402,1.8843e-5
logCl_pop,-0.00091532,-0.00022332,0.0012516,-0.00031829,-0.00018575,-0.00012167,1.2068e-5
omega_logka,0.017688,-0.00099992,-0.00031829,0.036763,8.9192e-5,-0.00024828,-0.00027726
omega_logV,0.0002196,0.00013889,-0.00018575,8.9192e-5,0.00084646,2.0055e-6,-3.9585e-5
omega_logCl,1.3498e-5,0.00012402,-0.00012167,-0.00024828,2.0055e-6,0.00075515,-1.0159e-5
b,-6.6066e-5,1.8843e-5,1.2068e-5,-0.00027726,-3.9585e-5,-1.0159e-5,6.8242e-5
