logka_pop,1,0.19034,-0.18642,-0.055361,0.043387,0.058027,0.082385
logV_pop,0.19034,1,-0.15597,-0.096838,0.036707,0.1188,0.033415
logCl_pop,-0.18642,-0.15597,1,0.086765,-0.15158,-0.16941,0.04543
omega_logka,-0.055361,-0.096838,0.086765,1,-0.023455,-0.083597,-0.080752
omega_logV,0.043387,0.036707,-0.15158,-0.023455,1,-0.0077133,-0.09747
omega_logCl,0.058027,0.1188,-0.16941,-0.083597,-0.0077133,1,-0.081546
b,0.082385,0.033415,0.04543,-0.080752,-0.09747,-0.081546,1
