logka_pop,0.0051797,0.00054295,-0.00049356,-0.00030197,9.6786e-5,0.00011614,4.6063e-5
logV_pop,0.00054295,0.0015709,-0.00022742,-0.00029089,4.5095e-5,0.00013095,1.0289e-5
logCl_pop,-0.00049356,-0.00022742,0.0013533,0.00024191,-0.00017284,-0.00017332,1.2983e-5
omega_logka,-0.00030197,-0.00029089,0.00024191,0.0057442,-5.5101e-5,-0.0001762,-4.7547e-5
omega_logV,9.6786e-5,4.5095e-5,-0.00017284,-5.5101e-5,0.00096076,-6.6489e-6,-2.3471e-5
omega_logCl,0.00011614,0.00013095,-0.00017332,-0.0001762,-6.6489e-6,0.0007734,-1.7618e-5
b,4.6063e-5,1.0289e-5,1.2983e-5,-4.7547e-5,-2.3471e-5,-1.7618e-5,6.0354e-5
