logka_pop,1,0.09475,-0.1332,0.24961,0.014558,-0.007755,0.097255
logV_pop,0.09475,1,-0.11778,-0.051908,0.036083,0.12585,0.045819
logCl_pop,-0.1332,-0.11778,1,0.028866,-0.19353,-0.16099,0.089485
omega_logka,0.24961,-0.051908,0.028866,1,-0.044802,-0.05139,-0.022598
omega_logV,0.014558,0.036083,-0.19353,-0.044802,1,-0.022728,-0.13298
omega_logCl,-0.007755,0.12585,-0.16099,-0.05139,-0.022728,1,-0.09623
b,0.097255,0.045819,0.089485,-0.022598,-0.13298,-0.09623,1
