logka_pop,0.0078677,0.0003155,-0.00040624,0.0017713,4.2609e-5,-1.7848e-5,7.8059e-5
logV_pop,0.0003155,0.0014093,-0.00015203,-0.0001559,4.4698e-5,0.00012259,1.5564e-5
logCl_pop,-0.00040624,-0.00015203,0.0011823,7.9407e-5,-0.00021958,-0.00014364,2.7842e-5
omega_logka,0.0017713,-0.0001559,7.9407e-5,0.0064007,-0.00011828,-0.00010668,-1.6359e-5
omega_logV,4.2609e-5,4.4698e-5,-0.00021958,-0.00011828,0.0010889,-1.946e-5,-3.9707e-5
omega_logCl,-1.7848e-5,0.00012259,-0.00014364,-0.00010668,-1.946e-5,0.00067327,-2.2594e-5
b,7.8059e-5,1.5564e-5,2.7842e-5,-1.6359e-5,-3.9707e-5,-2.2594e-5,8.1879e-5
