logka_pop,1,0.25459,-0.17201,-0.20442,0.038062,0.11147,0.039727
logV_pop,0.25459,1,-0.12629,-0.11032,0.036345,0.15357,0.050412
logCl_pop,-0.17201,-0.12629,1,0.12693,-0.15243,-0.17106,0.050743
omega_logka,-0.20442,-0.11032,0.12693,1,-0.26246,-0.083673,-0.086934
omega_logV,0.038062,0.036345,-0.15243,-0.26246,1,0.029659,-0.05217
omega_logCl,0.11147,0.15357,-0.17106,-0.083673,0.029659,1,-0.092231
b,0.039727,0.050412,0.050743,-0.086934,-0.05217,-0.092231,1
