logka_pop,0.004488,0.00064797,-0.00038417,-0.0010871,8.0065e-5,0.000194,2.3401e-5
logV_pop,0.00064797,0.0014434,-0.00015996,-0.00033271,4.3357e-5,0.00015156,1.684e-5
logCl_pop,-0.00038417,-0.00015996,0.0011115,0.00033592,-0.00015957,-0.00014815,1.4875e-5
omega_logka,-0.0010871,-0.00033271,0.00033592,0.0063014,-0.00065419,-0.00017254,-6.0678e-5
omega_logV,8.0065e-5,4.3357e-5,-0.00015957,-0.00065419,0.00098594,2.4192e-5,-1.4403e-5
omega_logCl,0.000194,0.00015156,-0.00014815,-0.00017254,2.4192e-5,0.00067481,-2.1066e-5
b,2.3401e-5,1.684e-5,1.4875e-5,-6.0678e-5,-1.4403e-5,-2.1066e-5,7.7312e-5
