logka_pop,1,0.20101,-0.1995,0.1563,0.077091,0.069436,0.02747
logV_pop,0.20101,1,-0.13878,-0.022011,0.023849,0.13527,0.031751
logCl_pop,-0.1995,-0.13878,1,0.021821,-0.15519,-0.20023,0.066981
omega_logka,0.1563,-0.022011,0.021821,1,-0.096099,-0.00067738,-0.044502
omega_logV,0.077091,0.023849,-0.15519,-0.096099,1,-0.0065786,-0.084024
omega_logCl,0.069436,0.13527,-0.20023,-0.00067738,-0.0065786,1,-0.10049
b,0.02747,0.031751,0.066981,-0.044502,-0.084024,-0.10049,1
