logka_pop,1,0.16281,-0.1915,0.11549,-0.016018,0.045174,0.054493
logV_pop,0.16281,1,-0.13752,-0.1043,0.03816,0.13571,0.059803
logCl_pop,-0.1915,-0.13752,1,0.064891,-0.13857,-0.15581,0.057294
omega_logka,0.11549,-0.1043,0.064891,1,-0.078694,-0.078174,-0.10923
omega_logV,-0.016018,0.03816,-0.13857,-0.078694,1,0.020295,-0.14452
omega_logCl,0.045174,0.13571,-0.15581,-0.078174,0.020295,1,-0.10372
b,0.054493,0.059803,0.057294,-0.10923,-0.14452,-0.10372,1
