logka_pop,0.0069376,0.00047053,-0.0004969,0.0010173,-3.7566e-5,9.0793e-5,3.9501e-5
logV_pop,0.00047053,0.0012039,-0.00014864,-0.00038271,3.7281e-5,0.00011363,1.8059e-5
logCl_pop,-0.0004969,-0.00014864,0.00097044,0.00021378,-0.00012154,-0.00011712,1.5533e-5
omega_logka,0.0010173,-0.00038271,0.00021378,0.011184,-0.00023432,-0.00019949,-0.00010054
omega_logV,-3.7566e-5,3.7281e-5,-0.00012154,-0.00023432,0.00079277,1.3789e-5,-3.5413e-5
omega_logCl,9.0793e-5,0.00011363,-0.00011712,-0.00019949,1.3789e-5,0.00058226,-2.1781e-5
b,3.9501e-5,1.8059e-5,1.5533e-5,-0.00010054,-3.5413e-5,-2.1781e-5,7.574e-5
