logka_pop,1,0.18574,-0.18348,0.18086,0.12887,0.017167,-0.0050424
logV_pop,0.18574,1,-0.16767,-0.03265,0.046505,0.14981,0.0019348
logCl_pop,-0.18348,-0.16767,1,-0.0041838,-0.12827,-0.1923,0.081705
omega_logka,0.18086,-0.03265,-0.0041838,1,0.0036358,-0.031942,-0.044059
omega_logV,0.12887,0.046505,-0.12827,0.0036358,1,-0.0011205,-0.19374
omega_logCl,0.017167,0.14981,-0.1923,-0.031942,-0.0011205,1,-0.077275
b,-0.0050424,0.0019348,0.081705,-0.044059,-0.19374,-0.077275,1
