logka_pop,0.0090232,0.00056373,-0.00064036,0.0012345,0.00035514,4.6038e-5,-3.8795e-6
logV_pop,0.00056373,0.0010208,-0.00019682,-7.4958e-5,4.3106e-5,0.00013513,5.0069e-7
logCl_pop,-0.00064036,-0.00019682,0.0013499,-1.1045e-5,-0.00013672,-0.00019947,2.4314e-5
omega_logka,0.0012345,-7.4958e-5,-1.1045e-5,0.0051633,7.5792e-6,-6.4799e-5,-2.5642e-5
omega_logV,0.00035514,4.3106e-5,-0.00013672,7.5792e-6,0.00084165,-9.1772e-7,-4.5524e-5
omega_logCl,4.6038e-5,0.00013513,-0.00019947,-6.4799e-5,-9.1772e-7,0.00079705,-1.767e-5
b,-3.8795e-6,5.0069e-7,2.4314e-5,-2.5642e-5,-4.5524e-5,-1.767e-5,6.5602e-5
