logka_pop,0.0088884,0.00051105,-0.00046106,0.0017789,6.4675e-5,5.3108e-5,3.9741e-5
logV_pop,0.00051105,0.0010989,-0.00013624,-0.00022833,-4.2376e-5,0.00013559,2.5014e-5
logCl_pop,-0.00046106,-0.00013624,0.0012126,3.4293e-5,-0.00011293,-0.00016142,2.4124e-5
omega_logka,0.0017789,-0.00022833,3.4293e-5,0.010281,-3.0177e-5,-3.2149e-5,-0.0001401
omega_logV,6.4675e-5,-4.2376e-5,-0.00011293,-3.0177e-5,0.0007879,-1.8806e-5,-3.6597e-5
omega_logCl,5.3108e-5,0.00013559,-0.00016142,-3.2149e-5,-1.8806e-5,0.00074601,-1.9951e-5
b,3.9741e-5,2.5014e-5,2.4124e-5,-0.0001401,-3.6597e-5,-1.9951e-5,8.228e-5
