logka_pop,1,0.18715,-0.14743,0.00088253,0.0034308,-0.0074875,0.076063
logV_pop,0.18715,1,-0.10162,-0.089244,0.036945,0.089233,0.027543
logCl_pop,-0.14743,-0.10162,1,0.028194,-0.11401,-0.13813,0.076428
omega_logka,0.00088253,-0.089244,0.028194,1,-0.033684,-0.095941,-0.032942
omega_logV,0.0034308,0.036945,-0.11401,-0.033684,1,-0.007179,-0.097612
omega_logCl,-0.0074875,0.089233,-0.13813,-0.095941,-0.007179,1,-0.1104
b,0.076063,0.027543,0.076428,-0.032942,-0.097612,-0.1104,1
