logka_pop,0.0034618,0.00037953,-0.00025764,2.6798e-6,5.3827e-6,-1.0459e-5,3.6444e-5
logV_pop,0.00037953,0.001188,-0.00010403,-0.00015875,3.3956e-5,7.3016e-5,7.7308e-6
logCl_pop,-0.00025764,-0.00010403,0.00088219,4.3217e-5,-9.0299e-5,-9.7398e-5,1.8486e-5
omega_logka,2.6798e-6,-0.00015875,4.3217e-5,0.0026635,-4.6356e-5,-0.00011755,-1.3845e-5
omega_logV,5.3827e-6,3.3956e-5,-9.0299e-5,-4.6356e-5,0.00071107,-4.5447e-6,-2.1197e-5
omega_logCl,-1.0459e-5,7.3016e-5,-9.7398e-5,-0.00011755,-4.5447e-6,0.0005636,-2.1343e-5
b,3.6444e-5,7.7308e-6,1.8486e-5,-1.3845e-5,-2.1197e-5,-2.1343e-5,6.6316e-5
