logka_pop,1,0.20912,-0.16181,0.34546,0.015366,0.035069,0.0477
logV_pop,0.20912,1,-0.13972,-0.044022,0.057908,0.13185,0.066717
logCl_pop,-0.16181,-0.13972,1,0.023802,-0.13645,-0.1645,0.068714
omega_logka,0.34546,-0.044022,0.023802,1,-0.1139,-0.0071473,-0.083947
omega_logV,0.015366,0.057908,-0.13645,-0.1139,1,0.01084,-0.099097
omega_logCl,0.035069,0.13185,-0.1645,-0.0071473,0.01084,1,-0.088898
b,0.0477,0.066717,0.068714,-0.083947,-0.099097,-0.088898,1
