logka_pop,0.0074754,0.00067125,-0.00049941,0.0031009,3.7911e-5,8.6208e-5,3.8316e-5
logV_pop,0.00067125,0.0013782,-0.00018515,-0.00016967,6.1349e-5,0.00013917,2.3011e-5
logCl_pop,-0.00049941,-0.00018515,0.0012742,8.8208e-5,-0.00013899,-0.00016695,2.2788e-5
omega_logka,0.0031009,-0.00016967,8.8208e-5,0.010779,-0.00033746,-2.1098e-5,-8.0969e-5
omega_logV,3.7911e-5,6.1349e-5,-0.00013899,-0.00033746,0.00081434,8.7954e-6,-2.6273e-5
omega_logCl,8.6208e-5,0.00013917,-0.00016695,-2.1098e-5,8.7954e-6,0.00080839,-2.3482e-5
b,3.8316e-5,2.3011e-5,2.2788e-5,-8.0969e-5,-2.6273e-5,-2.3482e-5,8.6313e-5
