logka_pop,1,0.28012,-0.28509,-0.17256,-0.03395,0.12962,0.090388
logV_pop,0.28012,1,-0.15378,-0.1054,-0.019626,0.13359,0.067925
logCl_pop,-0.28509,-0.15378,1,0.12305,-0.13002,-0.11113,0.036726
omega_logka,-0.17256,-0.1054,0.12305,1,0.027754,-0.11428,-0.080938
omega_logV,-0.03395,-0.019626,-0.13002,0.027754,1,-0.055128,-0.16036
omega_logCl,0.12962,0.13359,-0.11113,-0.11428,-0.055128,1,-0.1035
b,0.090388,0.067925,0.036726,-0.080938,-0.16036,-0.1035,1
