logka_pop,0.006105,0.0008058,-0.00064955,-0.00079459,-8.0552e-5,0.00023215,6.4015e-5
logV_pop,0.0008058,0.0013555,-0.00016509,-0.00022868,-2.1942e-5,0.00011274,2.2667e-5
logCl_pop,-0.00064955,-0.00016509,0.0008503,0.00021145,-0.00011513,-7.4281e-5,9.707e-6
omega_logka,-0.00079459,-0.00022868,0.00021145,0.003473,4.9667e-5,-0.00015438,-4.3234e-5
omega_logV,-8.0552e-5,-2.1942e-5,-0.00011513,4.9667e-5,0.00092213,-3.8372e-5,-4.4137e-5
omega_logCl,0.00023215,0.00011274,-7.4281e-5,-0.00015438,-3.8372e-5,0.00052539,-2.1503e-5
b,6.4015e-5,2.2667e-5,9.707e-6,-4.3234e-5,-4.4137e-5,-2.1503e-5,8.2157e-5
