logka_pop,1,0.27413,-0.24738,0.11574,0.07655,0.070996,0.049608
logV_pop,0.27413,1,-0.18061,-0.056344,0.050688,0.12107,0.062149
logCl_pop,-0.24738,-0.18061,1,-0.020504,-0.18802,-0.15959,0.06955
omega_logka,0.11574,-0.056344,-0.020504,1,0.096424,0.0048774,-0.17409
omega_logV,0.07655,0.050688,-0.18802,0.096424,1,0.042153,-0.20361
omega_logCl,0.070996,0.12107,-0.15959,0.0048774,0.042153,1,-0.10936
b,0.049608,0.062149,0.06955,-0.17409,-0.20361,-0.10936,1
