logka_pop,0.0078348,0.00089986,-0.00072943,0.00078745,0.00020337,0.00016144,3.9603e-5
logV_pop,0.00089986,0.0013753,-0.00022313,-0.00016061,5.6419e-5,0.00011534,2.0787e-5
logCl_pop,-0.00072943,-0.00022313,0.0011097,-5.2502e-5,-0.00018799,-0.00013658,2.0896e-5
omega_logka,0.00078745,-0.00016061,-5.2502e-5,0.0059083,0.00022245,9.6312e-6,-0.00012069
omega_logV,0.00020337,5.6419e-5,-0.00018799,0.00022245,0.00090083,3.2502e-5,-5.5115e-5
omega_logCl,0.00016144,0.00011534,-0.00013658,9.6312e-6,3.2502e-5,0.00065998,-2.5338e-5
b,3.9603e-5,2.0787e-5,2.0896e-5,-0.00012069,-5.5115e-5,-2.5338e-5,8.1342e-5
