logka_pop,1,0.21522,-0.20852,0.26994,0.0020589,0.10618,0.023906
logV_pop,0.21522,1,-0.15092,-0.016071,0.048979,0.12391,0.024618
logCl_pop,-0.20852,-0.15092,1,0.05365,-0.1376,-0.17589,0.08626
omega_logka,0.26994,-0.016071,0.05365,1,-0.089219,-0.053883,-0.026808
omega_logV,0.0020589,0.048979,-0.1376,-0.089219,1,-0.032174,-0.090341
omega_logCl,0.10618,0.12391,-0.17589,-0.053883,-0.032174,1,-0.12058
b,0.023906,0.024618,0.08626,-0.026808,-0.090341,-0.12058,1
