logka_pop,0.0061829,0.00062878,-0.00049746,0.0022249,4.5961e-6,0.00020441,1.5261e-5
logV_pop,0.00062878,0.0013805,-0.00017012,-6.2588e-5,5.1663e-5,0.00011271,7.4258e-6
logCl_pop,-0.00049746,-0.00017012,0.00092051,0.00017062,-0.00011852,-0.00013065,2.1247e-5
omega_logka,0.0022249,-6.2588e-5,0.00017062,0.010987,-0.0002655,-0.00013828,-2.2813e-5
omega_logV,4.5961e-6,5.1663e-5,-0.00011852,-0.0002655,0.00080597,-2.2362e-5,-2.0822e-5
omega_logCl,0.00020441,0.00011271,-0.00013065,-0.00013828,-2.2362e-5,0.00059939,-2.3967e-5
b,1.5261e-5,7.4258e-6,2.1247e-5,-2.2813e-5,-2.0822e-5,-2.3967e-5,6.5911e-5
