logka_pop,1,0.22165,-0.20989,0.28006,-0.07737,0.028127,0.025347
logV_pop,0.22165,1,-0.16158,-0.15192,0.0093588,0.12179,0.072756
logCl_pop,-0.20989,-0.16158,1,0.054019,-0.14914,-0.10464,0.055401
omega_logka,0.28006,-0.15192,0.054019,1,-0.085234,-0.071874,-0.14711
omega_logV,-0.07737,0.0093588,-0.14914,-0.085234,1,-0.048403,-0.17493
omega_logCl,0.028127,0.12179,-0.10464,-0.071874,-0.048403,1,-0.067583
b,0.025347,0.072756,0.055401,-0.14711,-0.17493,-0.067583,1
