logka_pop,0.012787,0.00088924,-0.00078818,0.0032262,-0.00026834,8.3534e-5,2.5115e-5
logV_pop,0.00088924,0.0012588,-0.00019037,-0.00054908,1.0184e-5,0.00011348,2.2618e-5
logCl_pop,-0.00078818,-0.00019037,0.0011028,0.00018274,-0.0001519,-9.1263e-5,1.612e-5
omega_logka,0.0032262,-0.00054908,0.00018274,0.010378,-0.00026631,-0.00019229,-0.00013131
omega_logV,-0.00026834,1.0184e-5,-0.0001519,-0.00026631,0.00094072,-3.899e-5,-4.7012e-5
omega_logCl,8.3534e-5,0.00011348,-9.1263e-5,-0.00019229,-3.899e-5,0.00068975,-1.5553e-5
b,2.5115e-5,2.2618e-5,1.612e-5,-0.00013131,-4.7012e-5,-1.5553e-5,7.6777e-5
