logka_pop,1,0.22523,-0.17108,0.20598,0.043367,0.04532,0.058328
logV_pop,0.22523,1,-0.15286,-0.082839,0.06894,0.12375,0.050232
logCl_pop,-0.17108,-0.15286,1,0.10107,-0.10514,-0.14826,0.014061
omega_logka,0.20598,-0.082839,0.10107,1,-0.084278,-0.098497,-0.084746
omega_logV,0.043367,0.06894,-0.10514,-0.084278,1,-0.00071041,-0.11795
omega_logCl,0.04532,0.12375,-0.14826,-0.098497,-0.00071041,1,-0.062329
b,0.058328,0.050232,0.014061,-0.084746,-0.11795,-0.062329,1
