logka_pop,0.0075404,0.00067838,-0.00054345,0.0013758,0.00010492,0.00011594,4.2323e-5
logV_pop,0.00067838,0.0012031,-0.00019396,-0.00022101,6.6624e-5,0.00012647,1.4559e-5
logCl_pop,-0.00054345,-0.00019396,0.0013382,0.00028438,-0.00010716,-0.00015979,4.2982e-6
omega_logka,0.0013758,-0.00022101,0.00028438,0.0059164,-0.00018061,-0.00022321,-5.4469e-5
omega_logV,0.00010492,6.6624e-5,-0.00010716,-0.00018061,0.00077626,-5.8312e-7,-2.746e-5
omega_logCl,0.00011594,0.00012647,-0.00015979,-0.00022321,-5.8312e-7,0.00086797,-1.5344e-5
b,4.2323e-5,1.4559e-5,4.2982e-6,-5.4469e-5,-2.746e-5,-1.5344e-5,6.9823e-5
