logka_pop,1,0.20457,-0.2241,0.053021,-0.0049438,0.016502,0.044517
logV_pop,0.20457,1,-0.15996,-0.072432,0.046305,0.14573,0.057836
logCl_pop,-0.2241,-0.15996,1,0.038511,-0.15115,-0.10515,0.040947
omega_logka,0.053021,-0.072432,0.038511,1,-0.042574,-0.027914,-0.094055
omega_logV,-0.0049438,0.046305,-0.15115,-0.042574,1,-0.089032,-0.11106
omega_logCl,0.016502,0.14573,-0.10515,-0.027914,-0.089032,1,-0.044993
b,0.044517,0.057836,0.040947,-0.094055,-0.11106,-0.044993,1
