logka_pop,0.0065044,0.00060246,-0.00059965,0.00025003,-1.1837e-5,3.519e-5,3.0493e-5
logV_pop,0.00060246,0.0013335,-0.00019379,-0.00015465,5.0199e-5,0.00014071,1.7937e-5
logCl_pop,-0.00059965,-0.00019379,0.0011007,7.4708e-5,-0.00014888,-9.2239e-5,1.1538e-5
omega_logka,0.00025003,-0.00015465,7.4708e-5,0.0034188,-7.3901e-5,-4.3155e-5,-4.6707e-5
omega_logV,-1.1837e-5,5.0199e-5,-0.00014888,-7.3901e-5,0.00088134,-6.9887e-5,-2.8003e-5
omega_logCl,3.519e-5,0.00014071,-9.2239e-5,-4.3155e-5,-6.9887e-5,0.00069912,-1.0104e-5
b,3.0493e-5,1.7937e-5,1.1538e-5,-4.6707e-5,-2.8003e-5,-1.0104e-5,7.2134e-5
