logka_pop,1,0.2406,-0.18807,0.15166,-0.079306,0.093406,0.051269
logV_pop,0.2406,1,-0.16128,-0.10751,-0.024243,0.16421,0.061712
logCl_pop,-0.18807,-0.16128,1,0.08885,-0.14477,-0.17474,0.062424
omega_logka,0.15166,-0.10751,0.08885,1,-0.1077,-0.048313,-0.022911
omega_logV,-0.079306,-0.024243,-0.14477,-0.1077,1,-0.046106,-0.13949
omega_logCl,0.093406,0.16421,-0.17474,-0.048313,-0.046106,1,-0.13441
b,0.051269,0.061712,0.062424,-0.022911,-0.13949,-0.13441,1
