logka_pop,0.0094159,0.00083744,-0.00061204,0.0014824,-0.00022466,0.00025851,4.0769e-5
logV_pop,0.00083744,0.0012866,-0.00019401,-0.00038844,-2.5386e-5,0.000168,1.8139e-5
logCl_pop,-0.00061204,-0.00019401,0.0011247,0.00030015,-0.00014174,-0.00016715,1.7156e-5
omega_logka,0.0014824,-0.00038844,0.00030015,0.010147,-0.00031673,-0.0001388,-1.8913e-5
omega_logV,-0.00022466,-2.5386e-5,-0.00014174,-0.00031673,0.00085227,-3.839e-5,-3.337e-5
omega_logCl,0.00025851,0.000168,-0.00016715,-0.0001388,-3.839e-5,0.00081347,-3.1415e-5
b,4.0769e-5,1.8139e-5,1.7156e-5,-1.8913e-5,-3.337e-5,-3.1415e-5,6.7154e-5
