logka_pop,1,0.39357,-0.29991,-0.41752,-0.1411,0.19463,0.2762
logV_pop,0.39357,1,-0.25676,-0.33811,-0.02393,0.26397,0.17561
logCl_pop,-0.29991,-0.25676,1,0.23635,-0.058051,-0.24505,-0.05587
omega_logka,-0.41752,-0.33811,0.23635,1,0.14414,-0.24393,-0.34433
omega_logV,-0.1411,-0.02393,-0.058051,0.14414,1,-0.049614,-0.25192
omega_logCl,0.19463,0.26397,-0.24505,-0.24393,-0.049614,1,0.045362
b,0.2762,0.17561,-0.05587,-0.34433,-0.25192,0.045362,1
