logka_pop,0.0096667,0.0014666,-0.0010677,-0.0052532,-0.00042077,0.00055855,0.00026078
logV_pop,0.0014666,0.0014364,-0.00035238,-0.0016399,-2.7508e-5,0.00029202,6.3914e-5
logCl_pop,-0.0010677,-0.00035238,0.0013112,0.0010952,-6.3755e-5,-0.000259,-1.9428e-5
omega_logka,-0.0052532,-0.0016399,0.0010952,0.016377,0.00055944,-0.00091117,-0.00042315
omega_logV,-0.00042077,-2.7508e-5,-6.3755e-5,0.00055944,0.00091988,-4.3923e-5,-7.3372e-5
omega_logCl,0.00055855,0.00029202,-0.000259,-0.00091117,-4.3923e-5,0.00085199,1.2715e-5
b,0.00026078,6.3914e-5,-1.9428e-5,-0.00042315,-7.3372e-5,1.2715e-5,9.2218e-5
