logka_pop,1,0.30679,-0.229,0.37263,-0.017202,0.078393,-0.023788
logV_pop,0.30679,1,-0.16136,0.069426,-0.016485,0.14736,0.02158
logCl_pop,-0.229,-0.16136,1,-0.035804,-0.10145,-0.17579,0.071505
omega_logka,0.37263,0.069426,-0.035804,1,-0.066819,-0.031359,-0.12766
omega_logV,-0.017202,-0.016485,-0.10145,-0.066819,1,-0.0066192,-0.1231
omega_logCl,0.078393,0.14736,-0.17579,-0.031359,-0.0066192,1,-0.13057
b,-0.023788,0.02158,0.071505,-0.12766,-0.1231,-0.13057,1
