logka_pop,1,0.14202,-0.19291,0.25518,-0.002774,0.040975,-0.046477
logV_pop,0.14202,1,-0.15781,-0.10735,-0.026822,0.16547,0.060369
logCl_pop,-0.19291,-0.15781,1,0.023207,-0.12564,-0.21477,0.088478
omega_logka,0.25518,-0.10735,0.023207,1,0.094828,-0.12102,-0.15592
omega_logV,-0.002774,-0.026822,-0.12564,0.094828,1,-0.052598,-0.16858
omega_logCl,0.040975,0.16547,-0.21477,-0.12102,-0.052598,1,-0.077242
b,-0.046477,0.060369,0.088478,-0.15592,-0.16858,-0.077242,1
