logka_pop,1,0.24913,-0.2116,-0.13371,-0.059845,0.073546,0.092476
logV_pop,0.24913,1,-0.1452,-0.16699,-0.033548,0.13666,0.093134
logCl_pop,-0.2116,-0.1452,1,0.0033841,-0.11456,-0.18175,0.072596
omega_logka,-0.13371,-0.16699,0.0033841,1,0.21252,-0.032794,-0.29946
omega_logV,-0.059845,-0.033548,-0.11456,0.21252,1,-0.02894,-0.15129
omega_logCl,0.073546,0.13666,-0.18175,-0.032794,-0.02894,1,-0.074214
b,0.092476,0.093134,0.072596,-0.29946,-0.15129,-0.074214,1
