logka_pop,0.0038731,0.00057943,-0.00042157,-0.00086179,-0.00010833,0.00011236,5.1574e-5
logV_pop,0.00057943,0.0013966,-0.00017371,-0.00064633,-3.6466e-5,0.00012537,3.1191e-5
logCl_pop,-0.00042157,-0.00017371,0.0010248,1.122e-5,-0.00010667,-0.00014283,2.0826e-5
omega_logka,-0.00086179,-0.00064633,1.122e-5,0.010726,0.00064017,-8.3371e-5,-0.00027792
omega_logV,-0.00010833,-3.6466e-5,-0.00010667,0.00064017,0.00084598,-2.0663e-5,-3.9435e-5
omega_logCl,0.00011236,0.00012537,-0.00014283,-8.3371e-5,-2.0663e-5,0.00060258,-1.6326e-5
b,5.1574e-5,3.1191e-5,2.0826e-5,-0.00027792,-3.9435e-5,-1.6326e-5,8.0306e-5
