logka_pop,1,0.17633,-0.23386,0.055757,0.014231,0.13086,0.044431
logV_pop,0.17633,1,-0.1582,-0.26889,0.015008,0.16447,0.15596
logCl_pop,-0.23386,-0.1582,1,0.098255,-0.11812,-0.20109,0.018973
omega_logka,0.055757,-0.26889,0.098255,1,0.036469,-0.2044,-0.40236
omega_logV,0.014231,0.015008,-0.11812,0.036469,1,-0.051394,-0.096795
omega_logCl,0.13086,0.16447,-0.20109,-0.2044,-0.051394,1,0.010823
b,0.044431,0.15596,0.018973,-0.40236,-0.096795,0.010823,1
