logka_pop,0.0069915,0.00059631,-0.00067529,0.00091333,3.5614e-5,0.00029576,3.5898e-5
logV_pop,0.00059631,0.0016358,-0.00022097,-0.0021305,1.8168e-5,0.00017981,6.0952e-5
logCl_pop,-0.00067529,-0.00022097,0.0011926,0.00066472,-0.00012208,-0.00018771,6.3311e-6
omega_logka,0.00091333,-0.0021305,0.00066472,0.038378,0.00021383,-0.0010824,-0.00076165
omega_logV,3.5614e-5,1.8168e-5,-0.00012208,0.00021383,0.00089581,-4.1579e-5,-2.7994e-5
omega_logCl,0.00029576,0.00017981,-0.00018771,-0.0010824,-4.1579e-5,0.00073065,2.8269e-6
b,3.5898e-5,6.0952e-5,6.3311e-6,-0.00076165,-2.7994e-5,2.8269e-6,9.3371e-5
