logka_pop,1,0.20731,-0.16986,0.45983,-0.049804,-0.014271,0.04958
logV_pop,0.20731,1,-0.16337,0.027341,0.0065652,0.12872,0.066103
logCl_pop,-0.16986,-0.16337,1,0.0041894,-0.095279,-0.17685,0.036582
omega_logka,0.45983,0.027341,0.0041894,1,-0.10974,-0.099264,-0.0047897
omega_logV,-0.049804,0.0065652,-0.095279,-0.10974,1,-0.049747,-0.12954
omega_logCl,-0.014271,0.12872,-0.17685,-0.099264,-0.049747,1,-0.04938
b,0.04958,0.066103,0.036582,-0.0047897,-0.12954,-0.04938,1
