logka_pop,0.0075377,0.00060873,-0.00053253,0.0043728,-0.00012436,-3.5427e-5,3.5915e-5
logV_pop,0.00060873,0.0011439,-0.00019951,0.00010129,6.3861e-6,0.00012448,1.8653e-5
logCl_pop,-0.00053253,-0.00019951,0.0013039,1.657e-5,-9.8951e-5,-0.0001826,1.1021e-5
omega_logka,0.0043728,0.00010129,1.657e-5,0.011997,-0.00034571,-0.00031088,-4.3772e-6
omega_logV,-0.00012436,6.3861e-6,-9.8951e-5,-0.00034571,0.00082719,-4.091e-5,-3.1084e-5
omega_logCl,-3.5427e-5,0.00012448,-0.0001826,-0.00031088,-4.091e-5,0.00081757,-1.178e-5
b,3.5915e-5,1.8653e-5,1.1021e-5,-4.3772e-6,-3.1084e-5,-1.178e-5,6.9611e-5
