logka_pop,1,0.33161,-0.27668,-0.23698,0.051993,0.16039,0.059693
logV_pop,0.33161,1,-0.20985,-0.26445,0.072444,0.17369,0.074663
logCl_pop,-0.27668,-0.20985,1,0.21517,-0.13806,-0.20794,0.0088173
omega_logka,-0.23698,-0.26445,0.21517,1,-0.14931,-0.18823,-0.18923
omega_logV,0.051993,0.072444,-0.13806,-0.14931,1,-0.026821,-0.080259
omega_logCl,0.16039,0.17369,-0.20794,-0.18823,-0.026821,1,-0.054596
b,0.059693,0.074663,0.0088173,-0.18923,-0.080259,-0.054596,1
