logka_pop,0.0068035,0.0010899,-0.00073218,-0.0023295,0.00014556,0.00033601,4.3758e-5
logV_pop,0.0010899,0.0015878,-0.00026827,-0.0012558,9.7977e-5,0.00017579,2.6441e-5
logCl_pop,-0.00073218,-0.00026827,0.0010293,0.00082269,-0.00015034,-0.00016945,2.5141e-6
omega_logka,-0.0023295,-0.0012558,0.00082269,0.014202,-0.00060394,-0.00056973,-0.00020042
omega_logV,0.00014556,9.7977e-5,-0.00015034,-0.00060394,0.001152,-2.3121e-5,-2.421e-5
omega_logCl,0.00033601,0.00017579,-0.00016945,-0.00056973,-2.3121e-5,0.00064511,-1.2324e-5
b,4.3758e-5,2.6441e-5,2.5141e-6,-0.00020042,-2.421e-5,-1.2324e-5,7.8984e-5
