logka_pop,1,0.086276,-0.19996,0.42124,0.085828,0.01672,-0.04964
logV_pop,0.086276,1,-0.089647,-0.08001,-0.033448,0.10493,0.065047
logCl_pop,-0.19996,-0.089647,1,-0.027322,-0.13932,-0.099375,0.056372
omega_logka,0.42124,-0.08001,-0.027322,1,0.034564,-0.02732,-0.10413
omega_logV,0.085828,-0.033448,-0.13932,0.034564,1,-0.01609,-0.11059
omega_logCl,0.01672,0.10493,-0.099375,-0.02732,-0.01609,1,-0.06697
b,-0.04964,0.065047,0.056372,-0.10413,-0.11059,-0.06697,1
