logka_pop,0.0090397,0.00029526,-0.00053598,0.0033102,0.0002291,3.3743e-5,-3.8135e-5
logV_pop,0.00029526,0.0012956,-9.097e-5,-0.00023803,-3.3801e-5,8.0166e-5,1.8918e-5
logCl_pop,-0.00053598,-9.097e-5,0.00079476,-6.3663e-5,-0.00011027,-5.9464e-5,1.2841e-5
omega_logka,0.0033102,-0.00023803,-6.3663e-5,0.0068312,8.0203e-5,-4.7928e-5,-6.9539e-5
omega_logV,0.0002291,-3.3801e-5,-0.00011027,8.0203e-5,0.00078819,-9.5881e-6,-2.5087e-5
omega_logCl,3.3743e-5,8.0166e-5,-5.9464e-5,-4.7928e-5,-9.5881e-6,0.00045053,-1.1486e-5
b,-3.8135e-5,1.8918e-5,1.2841e-5,-6.9539e-5,-2.5087e-5,-1.1486e-5,6.5286e-5
