logka_pop,0.0085604,0.00058899,-0.00055912,0.0022519,0.00032283,4.071e-5,4.3597e-5
logV_pop,0.00058899,0.0012409,-0.00023505,-0.0011645,0.00015488,0.0001235,1.1833e-5
logCl_pop,-0.00055912,-0.00023505,0.00096752,0.00065871,-0.00020541,-0.00011984,2.1346e-5
omega_logka,0.0022519,-0.0011645,0.00065871,0.014255,-0.00061736,-0.00038751,-1.1471e-5
omega_logV,0.00032283,0.00015488,-0.00020541,-0.00061736,0.00095248,-9.5503e-6,-3.8485e-5
omega_logCl,4.071e-5,0.0001235,-0.00011984,-0.00038751,-9.5503e-6,0.00053867,-1.6621e-5
b,4.3597e-5,1.1833e-5,2.1346e-5,-1.1471e-5,-3.8485e-5,-1.6621e-5,7.0087e-5
