logka_pop,1,0.22817,-0.15958,-0.37567,-0.050523,0.012261,0.10161
logV_pop,0.22817,1,-0.11205,-0.23506,0.037865,0.10216,0.08557
logCl_pop,-0.15958,-0.11205,1,0.07256,-0.10736,-0.11881,0.026638
omega_logka,-0.37567,-0.23506,0.07256,1,0.0057892,-0.0085659,-0.082513
omega_logV,-0.050523,0.037865,-0.10736,0.0057892,1,-0.0053368,-0.12131
omega_logCl,0.012261,0.10216,-0.11881,-0.0085659,-0.0053368,1,-0.057573
b,0.10161,0.08557,0.026638,-0.082513,-0.12131,-0.057573,1
