logka_pop,0.0060044,0.00064146,-0.00040851,-0.0027919,-0.00012124,2.3184e-5,6.8148e-5
logV_pop,0.00064146,0.0013163,-0.0001343,-0.00081795,4.2544e-5,9.0442e-5,2.6871e-5
logCl_pop,-0.00040851,-0.0001343,0.0010914,0.00022991,-0.00010984,-9.5779e-5,7.617e-6
omega_logka,-0.0027919,-0.00081795,0.00022991,0.009199,1.7196e-5,-2.0047e-5,-6.8498e-5
omega_logV,-0.00012124,4.2544e-5,-0.00010984,1.7196e-5,0.0009591,-4.033e-6,-3.2519e-5
omega_logCl,2.3184e-5,9.0442e-5,-9.5779e-5,-2.0047e-5,-4.033e-6,0.00059543,-1.216e-5
b,6.8148e-5,2.6871e-5,7.617e-6,-6.8498e-5,-3.2519e-5,-1.216e-5,7.4917e-5
