logka_pop,0.0055914,0.00054942,-0.0004919,0.0009808,-0.00011916,0.00011321,1.1175e-5
logV_pop,0.00054942,0.00093796,-0.00017385,-7.237e-6,-2.7349e-5,0.00013309,1.1154e-5
logCl_pop,-0.0004919,-0.00017385,0.0011062,3.5493e-6,-7.1937e-5,-0.00018943,1.9643e-5
omega_logka,0.0009808,-7.237e-6,3.5493e-6,0.0044303,-0.00010755,-7.2507e-6,-6.2498e-5
omega_logV,-0.00011916,-2.7349e-5,-7.1937e-5,-0.00010755,0.00062387,-1.0997e-6,-2.9667e-5
omega_logCl,0.00011321,0.00013309,-0.00018943,-7.2507e-6,-1.0997e-6,0.00073386,-2.4195e-5
b,1.1175e-5,1.1154e-5,1.9643e-5,-6.2498e-5,-2.9667e-5,-2.4195e-5,6.4992e-5
