logka_pop,1,0.23053,-0.19943,-0.235,0.047314,0.10579,0.10111
logV_pop,0.23053,1,-0.16854,-0.1586,0.04898,0.15271,0.056922
logCl_pop,-0.19943,-0.16854,1,0.12339,-0.14425,-0.20818,0.0538
omega_logka,-0.235,-0.1586,0.12339,1,-0.076741,-0.052872,-0.096247
omega_logV,0.047314,0.04898,-0.14425,-0.076741,1,-0.055034,-0.083568
omega_logCl,0.10579,0.15271,-0.20818,-0.052872,-0.055034,1,-0.11712
b,0.10111,0.056922,0.0538,-0.096247,-0.083568,-0.11712,1
