logka_pop,0.0055484,0.00031073,-0.00047479,0.001588,-5.1281e-5,5.5734e-5,3.2379e-5
logV_pop,0.00031073,0.0012188,-0.00014972,-0.00054663,3.945e-5,8.5998e-5,2.1234e-5
logCl_pop,-0.00047479,-0.00014972,0.0011483,5.2663e-5,-0.00012172,-0.00010528,9.2119e-6
omega_logka,0.001588,-0.00054663,5.2663e-5,0.01013,6.2223e-5,-0.00010084,-0.00015083
omega_logV,-5.1281e-5,3.945e-5,-0.00012172,6.2223e-5,0.00075313,-5.5193e-7,-2.3893e-5
omega_logCl,5.5734e-5,8.5998e-5,-0.00010528,-0.00010084,-5.5193e-7,0.0006859,-2.4604e-5
b,3.2379e-5,2.1234e-5,9.2119e-6,-0.00015083,-2.3893e-5,-2.4604e-5,7.393e-5
