logka_pop,0.0055907,0.00052724,-0.00043701,0.00023016,0.00011777,5.9512e-5,4.808e-7
logV_pop,0.00052724,0.0011822,-0.00011377,-0.00022544,4.1112e-5,9.3285e-5,7.0479e-6
logCl_pop,-0.00043701,-0.00011377,0.00086506,0.00011202,-0.0001216,-8.5769e-5,1.8586e-5
omega_logka,0.00023016,-0.00022544,0.00011202,0.0055327,-0.00020089,-0.00010629,-3.0535e-5
omega_logV,0.00011777,4.1112e-5,-0.0001216,-0.00020089,0.00084638,1.1572e-6,-3.2515e-5
omega_logCl,5.9512e-5,9.3285e-5,-8.5769e-5,-0.00010629,1.1572e-6,0.00048278,-1.4359e-5
b,4.808e-7,7.0479e-6,1.8586e-5,-3.0535e-5,-3.2515e-5,-1.4359e-5,6.2524e-5
