logka_pop,1,0.23667,-0.18009,-0.0065998,0.0019342,0.077317,0.032252
logV_pop,0.23667,1,-0.11629,-0.10863,-0.0022977,0.15489,0.046894
logCl_pop,-0.18009,-0.11629,1,0.048953,-0.11511,-0.16496,0.077875
omega_logka,-0.0065998,-0.10863,0.048953,1,-0.031377,-0.088629,-0.07777
omega_logV,0.0019342,-0.0022977,-0.11511,-0.031377,1,-0.00501,-0.13833
omega_logCl,0.077317,0.15489,-0.16496,-0.088629,-0.00501,1,-0.096452
b,0.032252,0.046894,0.077875,-0.07777,-0.13833,-0.096452,1
