logka_pop,0.0041124,0.00057625,-0.00040709,-2.7111e-5,3.7129e-6,0.00014669,1.8434e-5
logV_pop,0.00057625,0.0014415,-0.00015564,-0.0002642,-2.6113e-6,0.00017398,1.5869e-5
logCl_pop,-0.00040709,-0.00015564,0.0012426,0.00011054,-0.00012146,-0.00017204,2.4467e-5
omega_logka,-2.7111e-5,-0.0002642,0.00011054,0.0041032,-6.0164e-5,-0.00016797,-4.4401e-5
omega_logV,3.7129e-6,-2.6113e-6,-0.00012146,-6.0164e-5,0.00089602,-4.4369e-6,-3.6907e-5
omega_logCl,0.00014669,0.00017398,-0.00017204,-0.00016797,-4.4369e-6,0.00087534,-2.5434e-5
b,1.8434e-5,1.5869e-5,2.4467e-5,-4.4401e-5,-3.6907e-5,-2.5434e-5,7.944e-5
