logka_pop,1,0.27944,-0.17256,-0.0084728,-0.0086136,0.056796,0.036928
logV_pop,0.27944,1,-0.12068,-0.091047,-0.012586,0.16072,0.053543
logCl_pop,-0.17256,-0.12068,1,0.1296,-0.16921,-0.14633,0.069601
omega_logka,-0.0084728,-0.091047,0.1296,1,-0.25059,0.010737,-0.093368
omega_logV,-0.0086136,-0.012586,-0.16921,-0.25059,1,-0.028918,-0.15533
omega_logCl,0.056796,0.16072,-0.14633,0.010737,-0.028918,1,-0.07028
b,0.036928,0.053543,0.069601,-0.093368,-0.15533,-0.07028,1
