logka_pop,0.0053355,0.00068684,-0.00041422,-5.6202e-5,-1.8509e-5,0.00010533,2.2732e-5
logV_pop,0.00068684,0.0011323,-0.00013345,-0.00027822,-1.2459e-5,0.00013731,1.5184e-5
logCl_pop,-0.00041422,-0.00013345,0.0010799,0.00038675,-0.00016359,-0.00012209,1.9276e-5
omega_logka,-5.6202e-5,-0.00027822,0.00038675,0.0082466,-0.00066945,2.4755e-5,-7.1455e-5
omega_logV,-1.8509e-5,-1.2459e-5,-0.00016359,-0.00066945,0.00086547,-2.1599e-5,-3.8511e-5
omega_logCl,0.00010533,0.00013731,-0.00012209,2.4755e-5,-2.1599e-5,0.00064457,-1.5037e-5
b,2.2732e-5,1.5184e-5,1.9276e-5,-7.1455e-5,-3.8511e-5,-1.5037e-5,7.1021e-5
