logka_pop,1,0.1922,-0.18704,0.21737,0.071977,0.038892,0.030313
logV_pop,0.1922,1,-0.19423,0.05244,0.025964,0.14469,0.070266
logCl_pop,-0.18704,-0.19423,1,-0.049098,-0.12884,-0.23548,0.076621
omega_logka,0.21737,0.05244,-0.049098,1,0.049101,0.026796,-0.08321
omega_logV,0.071977,0.025964,-0.12884,0.049101,1,-0.0090007,-0.13385
omega_logCl,0.038892,0.14469,-0.23548,0.026796,-0.0090007,1,-0.10815
b,0.030313,0.070266,0.076621,-0.08321,-0.13385,-0.10815,1
