logka_pop,1,0.17831,-0.17623,-0.20382,0.070018,-0.0022901,0.081382
logV_pop,0.17831,1,-0.12876,-0.055078,-0.030215,0.15117,0.066327
logCl_pop,-0.17623,-0.12876,1,0.12403,-0.15368,-0.15899,0.068008
omega_logka,-0.20382,-0.055078,0.12403,1,-0.00088348,0.0061939,-0.12011
omega_logV,0.070018,-0.030215,-0.15368,-0.00088348,1,-0.037496,-0.14573
omega_logCl,-0.0022901,0.15117,-0.15899,0.0061939,-0.037496,1,-0.09704
b,0.081382,0.066327,0.068008,-0.12011,-0.14573,-0.09704,1
