logka_pop,1,0.16407,-0.16843,0.090384,-0.072837,0.087817,0.10052
logV_pop,0.16407,1,-0.15658,-0.16662,0.037873,0.17708,0.12055
logCl_pop,-0.16843,-0.15658,1,0.11766,-0.10831,-0.18792,0.013197
omega_logka,0.090384,-0.16662,0.11766,1,-0.1187,-0.11721,-0.12326
omega_logV,-0.072837,0.037873,-0.10831,-0.1187,1,-0.014724,-0.11729
omega_logCl,0.087817,0.17708,-0.18792,-0.11721,-0.014724,1,-0.024997
b,0.10052,0.12055,0.013197,-0.12326,-0.11729,-0.024997,1
