logka_pop,0.0096899,0.00051674,-0.00064646,0.00086344,-0.00019087,0.000265,8.1765e-5
logV_pop,0.00051674,0.0010237,-0.00019533,-0.00051735,3.2259e-5,0.00017369,3.1874e-5
logCl_pop,-0.00064646,-0.00019533,0.0015202,0.00044522,-0.00011243,-0.00022461,4.252e-6
omega_logka,0.00086344,-0.00051735,0.00044522,0.009418,-0.00030667,-0.00034868,-9.885e-5
omega_logV,-0.00019087,3.2259e-5,-0.00011243,-0.00030667,0.00070871,-1.2016e-5,-2.5804e-5
omega_logCl,0.000265,0.00017369,-0.00022461,-0.00034868,-1.2016e-5,0.00093975,-6.3325e-6
b,8.1765e-5,3.1874e-5,4.252e-6,-9.885e-5,-2.5804e-5,-6.3325e-6,6.829e-5
