logka_pop,1,0.19027,-0.18974,-0.17481,0.051872,-0.031188,0.13031
logV_pop,0.19027,1,-0.14213,-0.15549,0.042543,0.09185,0.11341
logCl_pop,-0.18974,-0.14213,1,0.089496,-0.17723,-0.071916,0.021647
omega_logka,-0.17481,-0.15549,0.089496,1,-0.10121,0.035575,-0.26747
omega_logV,0.051872,0.042543,-0.17723,-0.10121,1,-0.037457,-0.09495
omega_logCl,-0.031188,0.09185,-0.071916,0.035575,-0.037457,1,-0.11798
b,0.13031,0.11341,0.021647,-0.26747,-0.09495,-0.11798,1
