logka_pop,0.0051969,0.00049002,-0.0004835,-0.0013095,0.00011324,-6.2341e-5,8.3935e-5
logV_pop,0.00049002,0.0012763,-0.00017949,-0.00057724,4.6024e-5,9.0986e-5,3.6202e-5
logCl_pop,-0.0004835,-0.00017949,0.0012495,0.00032874,-0.00018971,-7.0485e-5,6.8369e-6
omega_logka,-0.0013095,-0.00057724,0.00032874,0.010799,-0.0003185,0.0001025,-0.00024835
omega_logV,0.00011324,4.6024e-5,-0.00018971,-0.0003185,0.00091698,-3.145e-5,-2.5691e-5
omega_logCl,-6.2341e-5,9.0986e-5,-7.0485e-5,0.0001025,-3.145e-5,0.00076883,-2.923e-5
b,8.3935e-5,3.6202e-5,6.8369e-6,-0.00024835,-2.5691e-5,-2.923e-5,7.9839e-5
