logka_pop,1,0.1985,-0.20954,0.19136,0.022363,0.062987,-0.040507
logV_pop,0.1985,1,-0.11546,-0.16483,-0.046113,0.15793,0.097233
logCl_pop,-0.20954,-0.11546,1,-0.021169,-0.10378,-0.14324,0.07676
omega_logka,0.19136,-0.16483,-0.021169,1,0.12015,-0.086218,-0.26266
omega_logV,0.022363,-0.046113,-0.10378,0.12015,1,-0.022277,-0.19628
omega_logCl,0.062987,0.15793,-0.14324,-0.086218,-0.022277,1,-0.10356
b,-0.040507,0.097233,0.07676,-0.26266,-0.19628,-0.10356,1
