logka_pop,0.0075414,0.00060943,-0.00058587,0.0018455,5.3999e-5,0.00014955,-3.2461e-5
logV_pop,0.00060943,0.0012499,-0.00013143,-0.00064716,-4.5331e-5,0.00015265,3.1722e-5
logCl_pop,-0.00058587,-0.00013143,0.0010366,-7.5689e-5,-9.2908e-5,-0.00012609,2.2805e-5
omega_logka,0.0018455,-0.00064716,-7.5689e-5,0.012333,0.000371,-0.00026178,-0.00026918
omega_logV,5.3999e-5,-4.5331e-5,-9.2908e-5,0.000371,0.00077314,-1.6935e-5,-5.0364e-5
omega_logCl,0.00014955,0.00015265,-0.00012609,-0.00026178,-1.6935e-5,0.00074748,-2.6127e-5
b,-3.2461e-5,3.1722e-5,2.2805e-5,-0.00026918,-5.0364e-5,-2.6127e-5,8.5155e-5
