logka_pop,1,0.21413,-0.23282,0.29025,0.002927,0.069404,0.031292
logV_pop,0.21413,1,-0.16227,-0.092952,-0.001927,0.1285,0.078804
logCl_pop,-0.23282,-0.16227,1,0.018664,-0.10747,-0.15431,0.019292
omega_logka,0.29025,-0.092952,0.018664,1,0.012104,-0.079965,-0.076892
omega_logV,0.002927,-0.001927,-0.10747,0.012104,1,-0.010581,-0.092841
omega_logCl,0.069404,0.1285,-0.15431,-0.079965,-0.010581,1,-0.048981
b,0.031292,0.078804,0.019292,-0.076892,-0.092841,-0.048981,1
