logka_pop,0.0095405,0.00077225,-0.00071153,0.0023865,7.8077e-6,0.00016664,2.4851e-5
logV_pop,0.00077225,0.0013633,-0.00018746,-0.00028891,-1.9431e-6,0.00011663,2.3657e-5
logCl_pop,-0.00071153,-0.00018746,0.00097899,4.9158e-5,-9.1837e-5,-0.00011869,4.9078e-6
omega_logka,0.0023865,-0.00028891,4.9158e-5,0.0070862,2.7826e-5,-0.00016547,-5.2626e-5
omega_logV,7.8077e-6,-1.9431e-6,-9.1837e-5,2.7826e-5,0.00074583,-7.1032e-6,-2.0615e-5
omega_logCl,0.00016664,0.00011663,-0.00011869,-0.00016547,-7.1032e-6,0.00060428,-9.7896e-6
b,2.4851e-5,2.3657e-5,4.9078e-6,-5.2626e-5,-2.0615e-5,-9.7896e-6,6.6106e-5
