logka_pop,1,0.25339,-0.19091,0.24788,-0.090314,0.11081,0.17414
logV_pop,0.25339,1,-0.12811,0.024344,-0.043564,0.16479,0.10264
logCl_pop,-0.19091,-0.12811,1,0.00054405,-0.08641,-0.15998,0.020797
omega_logka,0.24788,0.024344,0.00054405,1,-0.070338,0.050225,0.026409
omega_logV,-0.090314,-0.043564,-0.08641,-0.070338,1,-0.029061,-0.17116
omega_logCl,0.11081,0.16479,-0.15998,0.050225,-0.029061,1,-0.031834
b,0.17414,0.10264,0.020797,0.026409,-0.17116,-0.031834,1
