logka_pop,0.0093841,0.00084496,-0.00058697,0.0019403,-0.00023945,0.00026572,0.00014899
logV_pop,0.00084496,0.001185,-0.00013996,6.7716e-5,-4.1043e-5,0.00014042,3.1205e-5
logCl_pop,-0.00058697,-0.00013996,0.0010073,1.3953e-6,-7.506e-5,-0.00012569,5.8297e-6
omega_logka,0.0019403,6.7716e-5,1.3953e-6,0.0065294,-0.00015555,0.00010046,1.8848e-5
omega_logV,-0.00023945,-4.1043e-5,-7.506e-5,-0.00015555,0.00074905,-1.9689e-5,-4.1375e-5
omega_logCl,0.00026572,0.00014042,-0.00012569,0.00010046,-1.9689e-5,0.00061277,-6.96e-6
b,0.00014899,3.1205e-5,5.8297e-6,1.8848e-5,-4.1375e-5,-6.96e-6,7.8008e-5
