logka_pop,1,0.24995,-0.21269,0.17945,0.033745,0.010509,0.10491
logV_pop,0.24995,1,-0.16326,-0.021934,0.05168,0.098931,0.096913
logCl_pop,-0.21269,-0.16326,1,0.014507,-0.16376,-0.12755,0.054754
omega_logka,0.17945,-0.021934,0.014507,1,-0.009549,0.0076871,-0.12213
omega_logV,0.033745,0.05168,-0.16376,-0.009549,1,-0.056265,-0.18327
omega_logCl,0.010509,0.098931,-0.12755,0.0076871,-0.056265,1,-0.074972
b,0.10491,0.096913,0.054754,-0.12213,-0.18327,-0.074972,1
