logka_pop,0.0094312,0.00080395,-0.00072098,0.001438,0.00010143,2.7316e-5,9.6895e-5
logV_pop,0.00080395,0.0010969,-0.00018874,-5.9941e-5,5.2974e-5,8.7703e-5,3.0525e-5
logCl_pop,-0.00072098,-0.00018874,0.0012184,4.1784e-5,-0.00017692,-0.00011917,1.8176e-5
omega_logka,0.001438,-5.9941e-5,4.1784e-5,0.0068084,-2.4386e-5,1.6978e-5,-9.5832e-5
omega_logV,0.00010143,5.2974e-5,-0.00017692,-2.4386e-5,0.00095789,-4.6611e-5,-5.3943e-5
omega_logCl,2.7316e-5,8.7703e-5,-0.00011917,1.6978e-5,-4.6611e-5,0.00071645,-1.9084e-5
b,9.6895e-5,3.0525e-5,1.8176e-5,-9.5832e-5,-5.3943e-5,-1.9084e-5,9.044e-5
