logka_pop,1,0.30408,-0.2287,-0.048178,0.032836,0.064353,0.021284
logV_pop,0.30408,1,-0.14652,-0.12145,0.025831,0.12408,0.065072
logCl_pop,-0.2287,-0.14652,1,0.059381,-0.13213,-0.10224,0.031144
omega_logka,-0.048178,-0.12145,0.059381,1,0.075193,-0.090958,-0.23661
omega_logV,0.032836,0.025831,-0.13213,0.075193,1,-0.037411,-0.1182
omega_logCl,0.064353,0.12408,-0.10224,-0.090958,-0.037411,1,-0.054608
b,0.021284,0.065072,0.031144,-0.23661,-0.1182,-0.054608,1
