logka_pop,0.0050037,0.00078795,-0.00047636,-0.00029981,6.5486e-5,0.00010658,1.3113e-5
logV_pop,0.00078795,0.001342,-0.00015805,-0.00039142,2.6678e-5,0.00010642,2.0761e-5
logCl_pop,-0.00047636,-0.00015805,0.00086702,0.00015383,-0.00010969,-7.0479e-5,7.9868e-6
omega_logka,-0.00029981,-0.00039142,0.00015383,0.0077397,0.0001865,-0.00018735,-0.0001813
omega_logV,6.5486e-5,2.6678e-5,-0.00010969,0.0001865,0.00079487,-2.4694e-5,-2.9024e-5
omega_logCl,0.00010658,0.00010642,-7.0479e-5,-0.00018735,-2.4694e-5,0.00054814,-1.1135e-5
b,1.3113e-5,2.0761e-5,7.9868e-6,-0.0001813,-2.9024e-5,-1.1135e-5,7.5853e-5
