logka_pop,1,0.23745,-0.18575,0.074294,-0.079757,0.065505,0.10398
logV_pop,0.23745,1,-0.15582,-0.1114,0.02296,0.16518,0.080264
logCl_pop,-0.18575,-0.15582,1,0.049298,-0.081398,-0.18405,0.036047
omega_logka,0.074294,-0.1114,0.049298,1,-0.040743,-0.084739,-0.19508
omega_logV,-0.079757,0.02296,-0.081398,-0.040743,1,0.015833,-0.21532
omega_logCl,0.065505,0.16518,-0.18405,-0.084739,0.015833,1,-0.058213
b,0.10398,0.080264,0.036047,-0.19508,-0.21532,-0.058213,1
