logka_pop,0.0070042,0.00066976,-0.00053107,0.00065726,-0.00020211,0.00014525,7.5258e-5
logV_pop,0.00066976,0.0011359,-0.00017941,-0.0003969,2.3431e-5,0.0001475,2.3395e-5
logCl_pop,-0.00053107,-0.00017941,0.001167,0.00017802,-8.4197e-5,-0.00016658,1.0649e-5
omega_logka,0.00065726,-0.0003969,0.00017802,0.011174,-0.00013041,-0.00023733,-0.00017834
omega_logV,-0.00020211,2.3431e-5,-8.4197e-5,-0.00013041,0.00091681,1.2702e-5,-5.6381e-5
omega_logCl,0.00014525,0.0001475,-0.00016658,-0.00023733,1.2702e-5,0.00070196,-1.3338e-5
b,7.5258e-5,2.3395e-5,1.0649e-5,-0.00017834,-5.6381e-5,-1.3338e-5,7.4788e-5
