logCl_pop,0.00090989,-7.5937e-7,7.5327e-5,-5.1783e-5,-2.3163e-5,-1.3657e-6,-4.0059e-5,-5.4311e-5,3.7092e-6
logV1_pop,-7.5937e-7,0.00090578,-0.00018659,-5.7427e-5,4.2496e-6,-5.7057e-6,-0.00011998,3.5879e-5,3.304e-6
logQ_pop,7.5327e-5,-0.00018659,0.0025853,0.00018231,-1.5033e-5,2.0944e-6,0.00041549,-0.00014406,2.1783e-6
logV2_pop,-5.1783e-5,-5.7427e-5,0.00018231,0.0013298,6.063e-5,-2.6696e-6,0.0004166,6.1241e-5,-8.1979e-7
omega_logCl,-2.3163e-5,4.2496e-6,-1.5033e-5,6.063e-5,0.00048227,1.2163e-6,5.1732e-6,2.2278e-6,-6.077e-7
omega_logV1,-1.3657e-6,-5.7057e-6,2.0944e-6,-2.6696e-6,1.2163e-6,0.0004675,-1.2072e-6,-1.2538e-5,-3.7861e-7
omega_logQ,-4.0059e-5,-0.00011998,0.00041549,0.0004166,5.1732e-6,-1.2072e-6,0.0029729,-0.00012028,-1.0399e-5
omega_logV2,-5.4311e-5,3.5879e-5,-0.00014406,6.1241e-5,2.2278e-6,-1.2538e-5,-0.00012028,0.0011286,-7.9245e-6
b,3.7092e-6,3.304e-6,2.1783e-6,-8.1979e-7,-6.077e-7,-3.7861e-7,-1.0399e-5,-7.9245e-6,1.0643e-5
