logka_pop,1,0.31474,-0.2114,0.51079,-0.057499,0.028408,0.034626
logV_pop,0.31474,1,-0.19612,0.068635,0.027997,0.092349,0.099887
logCl_pop,-0.2114,-0.19612,1,-0.036898,-0.12912,-0.10756,0.017686
omega_logka,0.51079,0.068635,-0.036898,1,-0.15558,-0.019373,-0.094691
omega_logV,-0.057499,0.027997,-0.12912,-0.15558,1,0.014709,-0.18829
omega_logCl,0.028408,0.092349,-0.10756,-0.019373,0.014709,1,-0.11535
b,0.034626,0.099887,0.017686,-0.094691,-0.18829,-0.11535,1
