logka_pop,0.0095322,0.00097653,-0.00066982,0.0061669,-0.0001569,6.9867e-5,2.9887e-5
logV_pop,0.00097653,0.0010099,-0.00020226,0.00026972,2.4866e-5,7.3926e-5,2.8063e-5
logCl_pop,-0.00066982,-0.00020226,0.0010532,-0.00014808,-0.00011712,-8.7934e-5,5.0744e-6
omega_logka,0.0061669,0.00026972,-0.00014808,0.015292,-0.00053771,-6.0348e-5,-0.00010352
omega_logV,-0.0001569,2.4866e-5,-0.00011712,-0.00053771,0.00078117,1.0356e-5,-4.6524e-5
omega_logCl,6.9867e-5,7.3926e-5,-8.7934e-5,-6.0348e-5,1.0356e-5,0.00063456,-2.5689e-5
b,2.9887e-5,2.8063e-5,5.0744e-6,-0.00010352,-4.6524e-5,-2.5689e-5,7.8158e-5
