logka_pop,0.0043142,0.00051216,-0.00035718,-7.9303e-5,2.5677e-5,9.1861e-5,3.8574e-5
logV_pop,0.00051216,0.00119,-0.00011825,-0.00094196,1.0329e-5,9.4613e-5,2.4259e-5
logCl_pop,-0.00035718,-0.00011825,0.00078902,0.0014157,-0.00019662,-6.3283e-5,1.6856e-5
omega_logka,-7.9303e-5,-0.00094196,0.0014157,0.049354,-0.002776,-0.00039411,1.3608e-5
omega_logV,2.5677e-5,1.0329e-5,-0.00019662,-0.002776,0.00097972,-1.6173e-5,-3.0355e-5
omega_logCl,9.1861e-5,9.4613e-5,-6.3283e-5,-0.00039411,-1.6173e-5,0.00049994,-1.8044e-5
b,3.8574e-5,2.4259e-5,1.6856e-5,1.3608e-5,-3.0355e-5,-1.8044e-5,6.7308e-5
