logka_pop,1,0.20915,-0.17911,-0.0067675,0.065668,0.10653,-0.055829
logV_pop,0.20915,1,-0.11363,-0.012981,-0.011055,0.13168,0.040571
logCl_pop,-0.17911,-0.11363,1,0.026535,-0.12145,-0.16803,0.10364
omega_logka,-0.0067675,-0.012981,0.026535,1,-0.075666,0.0057804,-0.074594
omega_logV,0.065668,-0.011055,-0.12145,-0.075666,1,-0.0084267,-0.11316
omega_logCl,0.10653,0.13168,-0.16803,0.0057804,-0.0084267,1,-0.10992
b,-0.055829,0.040571,0.10364,-0.074594,-0.11316,-0.10992,1
