logka_pop,0.0053562,0.00055165,-0.0004292,-4.2882e-5,0.00013455,0.00020897,-3.5318e-5
logV_pop,0.00055165,0.0012988,-0.00013409,-4.0503e-5,-1.1154e-5,0.00012721,1.2639e-5
logCl_pop,-0.0004292,-0.00013409,0.0010721,7.5223e-5,-0.00011133,-0.00014747,2.9333e-5
omega_logka,-4.2882e-5,-4.0503e-5,7.5223e-5,0.0074962,-0.00018341,1.3415e-5,-5.5826e-5
omega_logV,0.00013455,-1.1154e-5,-0.00011133,-0.00018341,0.00078383,-6.3238e-6,-2.7385e-5
omega_logCl,0.00020897,0.00012721,-0.00014747,1.3415e-5,-6.3238e-6,0.00071847,-2.5467e-5
b,-3.5318e-5,1.2639e-5,2.9333e-5,-5.5826e-5,-2.7385e-5,-2.5467e-5,7.4719e-5
