logka_pop,1,0.2636,-0.2515,0.072496,0.0067653,0.063305,0.13051
logV_pop,0.2636,1,-0.1789,-0.11359,0.034692,0.15751,0.080462
logCl_pop,-0.2515,-0.1789,1,0.072043,-0.10979,-0.1379,0.011018
omega_logka,0.072496,-0.11359,0.072043,1,-0.11961,0.012556,-0.14628
omega_logV,0.0067653,0.034692,-0.10979,-0.11961,1,-0.035957,-0.11945
omega_logCl,0.063305,0.15751,-0.1379,0.012556,-0.035957,1,-0.084105
b,0.13051,0.080462,0.011018,-0.14628,-0.11945,-0.084105,1
