logka_pop,0.0085205,0.0008437,-0.00076792,0.00056683,1.8221e-5,0.000148,0.00010403
logV_pop,0.0008437,0.0012023,-0.00020519,-0.00033363,3.5098e-5,0.00013833,2.4092e-5
logCl_pop,-0.00076792,-0.00020519,0.0010942,0.00020185,-0.00010596,-0.00011554,3.147e-6
omega_logka,0.00056683,-0.00033363,0.00020185,0.0071748,-0.00029561,2.6937e-5,-0.00010699
omega_logV,1.8221e-5,3.5098e-5,-0.00010596,-0.00029561,0.00085131,-2.6573e-5,-3.0095e-5
omega_logCl,0.000148,0.00013833,-0.00011554,2.6937e-5,-2.6573e-5,0.00064151,-1.8395e-5
b,0.00010403,2.4092e-5,3.147e-6,-0.00010699,-3.0095e-5,-1.8395e-5,7.4566e-5
