logka_pop,1,0.16541,-0.20013,0.26047,0.053482,0.0035098,-0.02208
logV_pop,0.16541,1,-0.14835,-0.1617,0.037715,0.12964,0.080401
logCl_pop,-0.20013,-0.14835,1,0.0069897,-0.15459,-0.16916,0.068581
omega_logka,0.26047,-0.1617,0.0069897,1,-0.038204,-0.012386,-0.16239
omega_logV,0.053482,0.037715,-0.15459,-0.038204,1,0.0030214,-0.10627
omega_logCl,0.0035098,0.12964,-0.16916,-0.012386,0.0030214,1,-0.059013
b,-0.02208,0.080401,0.068581,-0.16239,-0.10627,-0.059013,1
