logka_pop,0.0084992,0.00057477,-0.00065454,0.00234,0.00014675,9.2367e-6,-1.7427e-5
logV_pop,0.00057477,0.0014206,-0.00019836,-0.00059392,4.2311e-5,0.00013949,2.5944e-5
logCl_pop,-0.00065454,-0.00019836,0.0012585,2.4164e-5,-0.00016323,-0.0001713,2.0829e-5
omega_logka,0.00234,-0.00059392,2.4164e-5,0.0094961,-0.00011081,-3.4454e-5,-0.00013547
omega_logV,0.00014675,4.2311e-5,-0.00016323,-0.00011081,0.00088591,2.5671e-6,-2.7079e-5
omega_logCl,9.2367e-6,0.00013949,-0.0001713,-3.4454e-5,2.5671e-6,0.00081487,-1.4422e-5
b,-1.7427e-5,2.5944e-5,2.0829e-5,-0.00013547,-2.7079e-5,-1.4422e-5,7.3295e-5
