logka_pop,1,0.29211,-0.21121,-0.36672,0.066966,0.10998,0.031898
logV_pop,0.29211,1,-0.17195,-0.17498,0.080328,0.1715,0.035681
logCl_pop,-0.21121,-0.17195,1,0.14094,-0.15768,-0.1965,0.085518
omega_logka,-0.36672,-0.17498,0.14094,1,-0.10956,-0.072257,0.011708
omega_logV,0.066966,0.080328,-0.15768,-0.10956,1,-0.0029074,-0.14388
omega_logCl,0.10998,0.1715,-0.1965,-0.072257,-0.0029074,1,-0.12245
b,0.031898,0.035681,0.085518,0.011708,-0.14388,-0.12245,1
