logka_pop,0.0034646,0.00059346,-0.00042741,-0.0010766,0.00011241,0.0001788,1.6873e-5
logV_pop,0.00059346,0.0011914,-0.00020405,-0.00030123,7.9073e-5,0.0001635,1.1068e-5
logCl_pop,-0.00042741,-0.00020405,0.001182,0.00024169,-0.00015461,-0.0001866,2.6422e-5
omega_logka,-0.0010766,-0.00030123,0.00024169,0.0024876,-0.00015584,-9.9543e-5,5.2476e-6
omega_logV,0.00011241,7.9073e-5,-0.00015461,-0.00015584,0.00081334,-2.2903e-6,-3.6874e-5
omega_logCl,0.0001788,0.0001635,-0.0001866,-9.9543e-5,-2.2903e-6,0.00076292,-3.0393e-5
b,1.6873e-5,1.1068e-5,2.6422e-5,5.2476e-6,-3.6874e-5,-3.0393e-5,8.0759e-5
