logka_pop,1,0.11695,-0.12189,0.41421,-0.048181,-0.032924,0.11566
logV_pop,0.11695,1,-0.13088,-0.076033,-0.043151,0.12651,0.077149
logCl_pop,-0.12189,-0.13088,1,0.11832,-0.10747,-0.15705,0.029337
omega_logka,0.41421,-0.076033,0.11832,1,-0.07152,-0.0805,0.019825
omega_logV,-0.048181,-0.043151,-0.10747,-0.07152,1,-0.053623,-0.10241
omega_logCl,-0.032924,0.12651,-0.15705,-0.0805,-0.053623,1,-0.08261
b,0.11566,0.077149,0.029337,0.019825,-0.10241,-0.08261,1
