logka_pop,0.0078008,0.0003889,-0.00035446,0.0038611,-0.00012487,-7.1321e-5,8.7298e-5
logV_pop,0.0003889,0.0014176,-0.00016225,-0.00030214,-4.7675e-5,0.00011683,2.4823e-5
logCl_pop,-0.00035446,-0.00016225,0.0010841,0.00041116,-0.00010383,-0.00012682,8.2541e-6
omega_logka,0.0038611,-0.00030214,0.00041116,0.011139,-0.00022149,-0.00020838,1.788e-5
omega_logV,-0.00012487,-4.7675e-5,-0.00010383,-0.00022149,0.00086104,-3.8593e-5,-2.5679e-5
omega_logCl,-7.1321e-5,0.00011683,-0.00012682,-0.00020838,-3.8593e-5,0.00060157,-1.7315e-5
b,8.7298e-5,2.4823e-5,8.2541e-6,1.788e-5,-2.5679e-5,-1.7315e-5,7.3025e-5
