logka_pop,1,0.24649,-0.16369,-0.36293,-0.26778,0.14193,0.26911
logV_pop,0.24649,1,-0.088555,-0.047554,-0.043216,0.12102,0.084859
logCl_pop,-0.16369,-0.088555,1,0.13341,-0.059229,-0.11846,-0.0040143
omega_logka,-0.36293,-0.047554,0.13341,1,0.2937,-0.25957,-0.38044
omega_logV,-0.26778,-0.043216,-0.059229,0.2937,1,-0.12654,-0.2511
omega_logCl,0.14193,0.12102,-0.11846,-0.25957,-0.12654,1,0.036056
b,0.26911,0.084859,-0.0040143,-0.38044,-0.2511,0.036056,1
