logka_pop,1,0.37248,-0.24706,-0.35923,0.20446,0.087595,0.024078
logV_pop,0.37248,1,-0.18897,-0.26659,0.13781,0.1683,0.034579
logCl_pop,-0.24706,-0.18897,1,0.17256,-0.16397,-0.15909,0.061937
omega_logka,-0.35923,-0.26659,0.17256,1,-0.28269,-0.083889,-0.081851
omega_logV,0.20446,0.13781,-0.16397,-0.28269,1,0.03206,-0.16497
omega_logCl,0.087595,0.1683,-0.15909,-0.083889,0.03206,1,-0.070977
b,0.024078,0.034579,0.061937,-0.081851,-0.16497,-0.070977,1
