logka_pop,0.0067989,0.00092406,-0.00072671,-0.0025948,0.00043807,0.00019395,1.7682e-5
logV_pop,0.00092406,0.00090524,-0.00020282,-0.00070265,0.00010774,0.00013597,9.266e-6
logCl_pop,-0.00072671,-0.00020282,0.0012726,0.00053925,-0.00015199,-0.0001524,1.9678e-5
omega_logka,-0.0025948,-0.00070265,0.00053925,0.0076739,-0.00064348,-0.00019734,-6.3859e-5
omega_logV,0.00043807,0.00010774,-0.00015199,-0.00064348,0.00067518,2.237e-5,-3.8177e-5
omega_logCl,0.00019395,0.00013597,-0.0001524,-0.00019734,2.237e-5,0.00072111,-1.6975e-5
b,1.7682e-5,9.266e-6,1.9678e-5,-6.3859e-5,-3.8177e-5,-1.6975e-5,7.9321e-5
