logka_pop,1,0.28308,-0.19948,0.13195,-0.030562,0.085499,0.08017
logV_pop,0.28308,1,-0.18127,-0.073901,0.0053187,0.14813,0.094552
logCl_pop,-0.19948,-0.18127,1,0.016773,-0.1086,-0.21217,0.057956
omega_logka,0.13195,-0.073901,0.016773,1,0.036238,-0.027954,-0.11279
omega_logV,-0.030562,0.0053187,-0.1086,0.036238,1,-0.0050964,-0.21004
omega_logCl,0.085499,0.14813,-0.21217,-0.027954,-0.0050964,1,-0.048152
b,0.08017,0.094552,0.057956,-0.11279,-0.21004,-0.048152,1
