logka_pop,0.0043896,0.00058154,-0.00042794,0.00039283,-5.3282e-5,0.00013773,4.7845e-5
logV_pop,0.00058154,0.00096147,-0.00018199,-0.00010297,4.3397e-6,0.00011167,2.6409e-5
logCl_pop,-0.00042794,-0.00018199,0.0010484,2.4404e-5,-9.253e-5,-0.00016704,1.6903e-5
omega_logka,0.00039283,-0.00010297,2.4404e-5,0.0020191,4.2848e-5,-3.0541e-5,-4.5653e-5
omega_logV,-5.3282e-5,4.3397e-6,-9.253e-5,4.2848e-5,0.00069242,-3.2607e-6,-4.9785e-5
omega_logCl,0.00013773,0.00011167,-0.00016704,-3.0541e-5,-3.2607e-6,0.00059118,-1.0546e-5
b,4.7845e-5,2.6409e-5,1.6903e-5,-4.5653e-5,-4.9785e-5,-1.0546e-5,8.1136e-5
