logka_pop,1,0.24281,-0.22281,0.14901,-0.0030671,0.037792,0.045005
logV_pop,0.24281,1,-0.16941,-0.16241,0.010311,0.12898,0.10028
logCl_pop,-0.22281,-0.16941,1,0.038707,-0.13223,-0.13493,0.038676
omega_logka,0.14901,-0.16241,0.038707,1,-0.090437,-0.049056,-0.1916
omega_logV,-0.0030671,0.010311,-0.13223,-0.090437,1,-0.0023567,-0.17106
omega_logCl,0.037792,0.12898,-0.13493,-0.049056,-0.0023567,1,-0.084622
b,0.045005,0.10028,0.038676,-0.1916,-0.17106,-0.084622,1
