logka_pop,0.010488,0.00076392,-0.00071268,0.0015324,-8.088e-6,9.6095e-5,4.0098e-5
logV_pop,0.00076392,0.00094376,-0.00016255,-0.00050102,8.1562e-6,9.8384e-5,2.6802e-5
logCl_pop,-0.00071268,-0.00016255,0.00097549,0.00012139,-0.00010635,-0.00010464,1.0509e-5
omega_logka,0.0015324,-0.00050102,0.00012139,0.010083,-0.00023383,-0.0001223,-0.00016738
omega_logV,-8.088e-6,8.1562e-6,-0.00010635,-0.00023383,0.00066303,-1.5067e-6,-3.8319e-5
omega_logCl,9.6095e-5,9.8384e-5,-0.00010464,-0.0001223,-1.5067e-6,0.00061647,-1.8279e-5
b,4.0098e-5,2.6802e-5,1.0509e-5,-0.00016738,-3.8319e-5,-1.8279e-5,7.5689e-5
