logka_pop,1,0.27655,-0.26718,-0.56493,0.20364,0.18731,0.021338
logV_pop,0.27655,1,-0.16435,-0.19694,0.079313,0.20001,0.041214
logCl_pop,-0.26718,-0.16435,1,0.18763,-0.16953,-0.22133,0.065897
omega_logka,-0.56493,-0.19694,0.18763,1,-0.23777,-0.13124,-0.096418
omega_logV,0.20364,0.079313,-0.16953,-0.23777,1,0.04018,-0.086552
omega_logCl,0.18731,0.20001,-0.22133,-0.13124,0.04018,1,-0.12585
b,0.021338,0.041214,0.065897,-0.096418,-0.086552,-0.12585,1
