logka_pop,1,0.19813,-0.22666,0.17458,0.017529,0.069008,0.053795
logV_pop,0.19813,1,-0.20697,-0.14725,0.070339,0.15161,0.056502
logCl_pop,-0.22666,-0.20697,1,0.12263,-0.14608,-0.23445,0.045531
omega_logka,0.17458,-0.14725,0.12263,1,-0.057383,-0.058865,-0.12862
omega_logV,0.017529,0.070339,-0.14608,-0.057383,1,0.021189,-0.12901
omega_logCl,0.069008,0.15161,-0.23445,-0.058865,0.021189,1,-0.099749
b,0.053795,0.056502,0.045531,-0.12862,-0.12901,-0.099749,1
