logka_pop,0.008056,0.00067039,-0.00070392,0.0014019,4.4811e-5,0.00017179,4.1185e-5
logV_pop,0.00067039,0.0014211,-0.00026996,-0.00049663,7.5522e-5,0.00015852,1.8168e-5
logCl_pop,-0.00070392,-0.00026996,0.0011972,0.00037962,-0.00014395,-0.00022499,1.3438e-5
omega_logka,0.0014019,-0.00049663,0.00037962,0.0080048,-0.00014623,-0.00014608,-9.8156e-5
omega_logV,4.4811e-5,7.5522e-5,-0.00014395,-0.00014623,0.0008112,1.6738e-5,-3.1342e-5
omega_logCl,0.00017179,0.00015852,-0.00022499,-0.00014608,1.6738e-5,0.00076927,-2.3599e-5
b,4.1185e-5,1.8168e-5,1.3438e-5,-9.8156e-5,-3.1342e-5,-2.3599e-5,7.2757e-5
