logka_pop,1,0.21378,-0.16004,-0.0040336,0.049127,0.078339,-0.00035957
logV_pop,0.21378,1,-0.10284,-0.14141,-0.044085,0.073604,0.15023
logCl_pop,-0.16004,-0.10284,1,-0.17847,-0.18016,-0.17015,0.1694
omega_logka,-0.0040336,-0.14141,-0.17847,1,0.4225,0.16901,-0.77877
omega_logV,0.049127,-0.044085,-0.18016,0.4225,1,0.056195,-0.4267
omega_logCl,0.078339,0.073604,-0.17015,0.16901,0.056195,1,-0.20502
b,-0.00035957,0.15023,0.1694,-0.77877,-0.4267,-0.20502,1
