logka_pop,0.0023072,0.00033654,-0.00022892,-4.7479e-5,6.9641e-5,9.339e-5,-2.5454e-7
logV_pop,0.00033654,0.0010741,-0.00010037,-0.0011357,-4.264e-5,5.9871e-5,7.2566e-5
logCl_pop,-0.00022892,-0.00010037,0.00088676,-0.0013024,-0.00015833,-0.00012575,7.4348e-5
omega_logka,-4.7479e-5,-0.0011357,-0.0013024,0.060053,0.0030556,0.0010279,-0.0028127
omega_logV,6.9641e-5,-4.264e-5,-0.00015833,0.0030556,0.00087097,4.1161e-5,-0.0001856
omega_logCl,9.339e-5,5.9871e-5,-0.00012575,0.0010279,4.1161e-5,0.00061598,-7.4994e-5
b,-2.5454e-7,7.2566e-5,7.4348e-5,-0.0028127,-0.0001856,-7.4994e-5,0.00021721
