logka_pop,1,0.18339,-0.26509,0.3282,0.12666,0.062636,-0.020747
logV_pop,0.18339,1,-0.20594,-0.094059,0.10841,0.2019,0.030113
logCl_pop,-0.26509,-0.20594,1,0.0053089,-0.21606,-0.22756,0.097452
omega_logka,0.3282,-0.094059,0.0053089,1,-0.077574,-0.019033,-0.093994
omega_logV,0.12666,0.10841,-0.21606,-0.077574,1,0.1061,-0.13092
omega_logCl,0.062636,0.2019,-0.22756,-0.019033,0.1061,1,-0.11305
b,-0.020747,0.030113,0.097452,-0.093994,-0.13092,-0.11305,1
