logka_pop,0.0096788,0.00091364,-0.00077112,0.00050838,-6.8043e-6,0.00023165,9.7099e-5
logV_pop,0.00091364,0.0010003,-0.00021209,-0.00027818,3.0478e-5,9.7062e-5,2.7841e-5
logCl_pop,-0.00077112,-0.00021209,0.0010179,0.00017947,-9.7612e-5,-9.5871e-5,7.6422e-6
omega_logka,0.00050838,-0.00027818,0.00017947,0.006291,-3.804e-5,-5.9261e-5,-5.3743e-5
omega_logV,-6.8043e-6,3.0478e-5,-9.7612e-5,-3.804e-5,0.00062686,-2.19e-5,-3.3538e-5
omega_logCl,0.00023165,9.7062e-5,-9.5871e-5,-5.9261e-5,-2.19e-5,0.00060955,-2.2397e-5
b,9.7099e-5,2.7841e-5,7.6422e-6,-5.3743e-5,-3.3538e-5,-2.2397e-5,7.5007e-5
